-1.4625000	-1.3875000	-1.3125000	-1.2375000	-1.1625000	-1.0875000	-1.0125000	-0.9375000	-0.8625000	-0.7875000	-0.7125000	-0.6375000	-0.5625000	-0.4875000	-0.4125000	-0.3375000	-0.2625000	-0.1875000	-0.1125000	-0.0375000	 0.0375000	 0.1125000	 0.1875000	 0.2625000	 0.3375000	 0.4125000	 0.4875000	 0.5625000	 0.6375000	 0.7125000	 0.7875000	 0.8625000	 0.9375000	 1.0125000	 1.0875000	 1.1625000	 1.2375000	 1.3125000	 1.3875000	 1.4625000	
 -2.438	8.309E-01	8.426E-01	8.320E-01	6.878E-01	9.866E-01	8.210E-01	7.195E-01	8.143E-01	9.129E-01	9.884E-01	8.264E-01	8.358E-01	9.828E-01	7.894E-01	6.422E-01	8.474E-01	9.198E-01	7.960E-01	9.120E-01	8.534E-01	6.909E-01	6.900E-01	8.365E-01	9.128E-01	9.316E-01	9.058E-01	8.763E-01	8.437E-01	9.916E-01	9.210E-01	8.294E-01	8.330E-01	8.486E-01	8.984E-01	9.135E-01	7.679E-01	9.218E-01	9.305E-01	6.786E-01	9.730E-01	
 -2.312	6.882E-01	7.913E-01	8.366E-01	8.198E-01	9.651E-01	7.032E-01	8.232E-01	8.345E-01	8.265E-01	8.874E-01	8.652E-01	8.471E-01	9.706E-01	8.767E-01	8.235E-01	9.818E-01	8.230E-01	9.308E-01	9.203E-01	9.268E-01	9.328E-01	8.309E-01	8.377E-01	9.439E-01	7.501E-01	8.347E-01	7.528E-01	7.023E-01	7.484E-01	8.457E-01	9.086E-01	9.746E-01	9.231E-01	6.759E-01	8.576E-01	9.698E-01	8.363E-01	8.998E-01	9.848E-01	8.942E-01	
 -2.188	8.445E-01	9.892E-01	9.000E-01	7.887E-01	8.438E-01	7.855E-01	9.750E-01	9.029E-01	9.218E-01	9.160E-01	7.797E-01	8.693E-01	9.169E-01	8.803E-01	9.215E-01	8.650E-01	9.164E-01	8.175E-01	7.155E-01	9.777E-01	8.579E-01	8.629E-01	8.110E-01	7.858E-01	9.051E-01	9.029E-01	9.157E-01	8.456E-01	8.416E-01	6.801E-01	7.559E-01	9.119E-01	9.813E-01	7.107E-01	8.356E-01	9.895E-01	8.778E-01	9.805E-01	8.838E-01	7.341E-01	
 -2.062	9.016E-01	9.905E-01	8.594E-01	8.467E-01	8.233E-01	9.163E-01	9.113E-01	9.238E-01	8.022E-01	9.758E-01	8.849E-01	8.788E-01	9.001E-01	7.776E-01	8.743E-01	9.876E-01	8.618E-01	8.076E-01	7.636E-01	8.907E-01	9.821E-01	8.987E-01	8.778E-01	7.114E-01	9.141E-01	9.278E-01	8.432E-01	7.655E-01	9.890E-01	9.332E-01	9.858E-01	9.106E-01	8.520E-01	9.267E-01	6.950E-01	9.804E-01	9.214E-01	8.327E-01	9.775E-01	9.006E-01	
 -1.938	8.494E-01	8.548E-01	9.740E-01	9.118E-01	8.815E-01	8.383E-01	8.325E-01	7.205E-01	8.555E-01	9.259E-01	8.239E-01	9.901E-01	9.391E-01	8.292E-01	9.910E-01	7.253E-01	9.696E-01	9.161E-01	9.184E-01	8.594E-01	9.262E-01	8.938E-01	8.995E-01	9.817E-01	8.964E-01	8.166E-01	9.044E-01	9.881E-01	9.794E-01	9.849E-01	8.686E-01	9.316E-01	8.772E-01	8.990E-01	9.027E-01	8.051E-01	5.704E-01	9.360E-01	9.065E-01	8.713E-01	
 -1.812	8.659E-01	8.049E-01	9.760E-01	8.645E-01	9.143E-01	7.667E-01	8.512E-01	8.686E-01	9.319E-01	6.122E-01	8.275E-01	8.707E-01	9.841E-01	8.816E-01	9.191E-01	8.335E-01	8.734E-01	8.829E-01	8.182E-01	9.754E-01	8.084E-01	9.267E-01	8.734E-01	8.416E-01	6.412E-01	9.199E-01	8.135E-01	8.941E-01	8.840E-01	9.748E-01	8.231E-01	9.098E-01	6.831E-01	9.228E-01	8.647E-01	8.881E-01	8.062E-01	9.632E-01	6.383E-01	8.566E-01	
 -1.688	9.842E-01	9.756E-01	8.860E-01	9.439E-01	8.344E-01	8.646E-01	8.406E-01	8.175E-01	8.375E-01	9.216E-01	8.485E-01	8.583E-01	9.870E-01	8.140E-01	8.066E-01	8.502E-01	7.284E-01	8.652E-01	8.566E-01	9.049E-01	7.952E-01	8.980E-01	6.964E-01	9.274E-01	8.519E-01	8.160E-01	9.324E-01	7.838E-01	8.806E-01	9.237E-01	8.630E-01	6.320E-01	7.541E-01	9.378E-01	6.907E-01	9.233E-01	7.019E-01	8.566E-01	8.313E-01	9.161E-01	
 -1.562	7.882E-01	8.380E-01	6.044E-01	9.079E-01	8.526E-01	8.600E-01	9.366E-01	9.393E-01	7.630E-01	8.358E-01	7.971E-01	8.792E-01	7.189E-01	8.326E-01	7.227E-01	9.287E-01	9.215E-01	9.419E-01	8.237E-01	9.849E-01	9.262E-01	7.794E-01	9.367E-01	9.108E-01	6.536E-01	8.689E-01	9.437E-01	8.461E-01	6.860E-01	9.843E-01	8.425E-01	8.674E-01	7.159E-01	8.601E-01	9.212E-01	7.832E-01	9.291E-01	8.539E-01	8.345E-01	7.659E-01	
 -1.438	8.824E-01	8.555E-01	8.215E-01	6.647E-01	9.304E-01	8.242E-01	7.152E-01	7.744E-01	9.025E-01	8.471E-01	9.914E-01	9.470E-01	9.818E-01	6.957E-01	8.182E-01	9.277E-01	9.339E-01	8.923E-01	9.168E-01	7.802E-01	7.836E-01	8.348E-01	9.308E-01	8.944E-01	8.488E-01	7.297E-01	8.191E-01	8.103E-01	9.308E-01	9.247E-01	8.789E-01	9.079E-01	9.883E-01	9.352E-01	7.451E-01	7.963E-01	7.705E-01	8.871E-01	8.666E-01	8.429E-01	
 -1.312	8.308E-01	7.922E-01	9.211E-01	8.912E-01	7.010E-01	8.359E-01	8.508E-01	8.833E-01	8.744E-01	9.840E-01	9.326E-01	8.864E-01	8.580E-01	9.090E-01	8.825E-01	8.270E-01	8.369E-01	8.167E-01	7.532E-01	8.107E-01	9.258E-01	8.616E-01	9.401E-01	9.008E-01	7.362E-01	7.660E-01	8.233E-01	9.103E-01	9.851E-01	9.805E-01	8.646E-01	9.291E-01	9.618E-01	9.851E-01	7.968E-01	9.164E-01	9.044E-01	6.784E-01	9.813E-01	7.215E-01	
 -1.188	9.008E-01	8.737E-01	9.797E-01	9.736E-01	7.299E-01	8.028E-01	8.925E-01	8.108E-01	8.562E-01	8.079E-01	8.497E-01	9.142E-01	8.368E-01	8.887E-01	9.055E-01	9.016E-01	9.840E-01	8.647E-01	6.755E-01	9.822E-01	9.333E-01	7.850E-01	9.839E-01	9.083E-01	9.942E-01	8.479E-01	7.114E-01	8.506E-01	8.190E-01	8.576E-01	7.125E-01	6.335E-01	8.593E-01	8.361E-01	8.177E-01	8.214E-01	9.357E-01	9.376E-01	7.160E-01	8.779E-01	
 -1.062	9.187E-01	9.866E-01	8.801E-01	8.794E-01	7.915E-01	9.738E-01	8.750E-01	8.991E-01	8.655E-01	8.727E-01	8.672E-01	7.484E-01	8.726E-01	8.744E-01	7.889E-01	7.720E-01	8.788E-01	8.888E-01	8.451E-01	8.711E-01	9.328E-01	9.239E-01	8.564E-01	8.232E-01	8.192E-01	8.640E-01	9.764E-01	7.315E-01	8.453E-01	8.373E-01	8.687E-01	8.481E-01	7.557E-01	8.833E-01	8.310E-01	8.557E-01	7.587E-01	7.446E-01	7.843E-01	9.925E-01	
 -0.938	9.376E-01	9.336E-01	8.669E-01	9.298E-01	8.164E-01	9.345E-01	8.618E-01	9.227E-01	7.835E-01	9.854E-01	7.792E-01	8.829E-01	8.536E-01	8.753E-01	8.693E-01	9.447E-01	8.627E-01	9.377E-01	8.256E-01	9.210E-01	8.865E-01	6.874E-01	9.010E-01	8.058E-01	8.080E-01	8.132E-01	9.871E-01	8.361E-01	9.404E-01	9.245E-01	9.814E-01	8.076E-01	8.743E-01	9.124E-01	9.820E-01	7.667E-01	8.718E-01	9.227E-01	8.037E-01	8.978E-01	
 -0.812	9.308E-01	7.463E-01	8.064E-01	9.230E-01	8.729E-01	9.893E-01	9.354E-01	8.896E-01	9.332E-01	7.526E-01	9.304E-01	9.845E-01	9.415E-01	8.723E-01	8.753E-01	7.072E-01	7.926E-01	9.240E-01	7.579E-01	9.360E-01	8.459E-01	9.401E-01	8.531E-01	8.384E-01	6.375E-01	6.105E-01	9.895E-01	8.068E-01	7.914E-01	8.617E-01	8.913E-01	9.428E-01	7.654E-01	8.120E-01	8.979E-01	8.919E-01	7.799E-01	9.361E-01	7.160E-01	9.232E-01	
 -0.688	8.351E-01	9.406E-01	9.081E-01	9.356E-01	8.845E-01	9.259E-01	9.785E-01	9.408E-01	7.936E-01	8.793E-01	8.150E-01	9.861E-01	9.156E-01	8.487E-01	8.073E-01	8.517E-01	6.159E-01	8.890E-01	8.707E-01	8.968E-01	9.339E-01	8.947E-01	8.726E-01	8.386E-01	8.685E-01	9.363E-01	9.033E-01	7.694E-01	9.224E-01	7.798E-01	8.828E-01	9.080E-01	8.737E-01	7.496E-01	8.331E-01	7.526E-01	8.666E-01	8.634E-01	9.140E-01	8.610E-01	
 -0.562	7.791E-01	8.525E-01	8.994E-01	8.608E-01	8.789E-01	8.662E-01	9.841E-01	8.488E-01	9.803E-01	9.809E-01	9.021E-01	8.413E-01	8.790E-01	9.882E-01	8.520E-01	8.195E-01	6.833E-01	8.531E-01	9.426E-01	8.814E-01	9.330E-01	9.405E-01	9.375E-01	8.311E-01	8.012E-01	8.900E-01	8.210E-01	8.781E-01	9.370E-01	9.839E-01	9.845E-01	8.639E-01	9.312E-01	9.914E-01	9.733E-01	7.123E-01	8.928E-01	9.078E-01	9.831E-01	8.657E-01	
 -0.438	8.071E-01	8.387E-01	8.222E-01	9.743E-01	6.665E-01	9.785E-01	9.203E-01	8.830E-01	9.347E-01	8.470E-01	7.620E-01	8.688E-01	8.039E-01	9.095E-01	8.621E-01	9.758E-01	7.798E-01	8.455E-01	8.960E-01	7.366E-01	9.066E-01	9.274E-01	9.734E-01	8.832E-01	6.810E-01	9.811E-01	8.172E-01	9.180E-01	9.797E-01	9.852E-01	9.429E-01	9.189E-01	7.173E-01	8.860E-01	7.058E-01	8.140E-01	8.817E-01	9.250E-01	7.884E-01	9.274E-01	
 -0.312	8.392E-01	7.922E-01	7.067E-01	9.140E-01	9.340E-01	9.259E-01	6.798E-01	8.479E-01	8.347E-01	9.472E-01	6.264E-01	7.750E-01	6.713E-01	8.480E-01	8.347E-01	9.380E-01	8.769E-01	9.012E-01	8.492E-01	7.595E-01	8.785E-01	8.589E-01	8.612E-01	8.799E-01	8.411E-01	9.165E-01	7.712E-01	8.178E-01	8.493E-01	7.991E-01	8.347E-01	9.093E-01	9.369E-01	8.663E-01	8.628E-01	9.406E-01	8.975E-01	7.714E-01	8.716E-01	9.286E-01	
 -0.188	9.784E-01	9.033E-01	9.098E-01	8.584E-01	8.819E-01	9.064E-01	9.315E-01	9.204E-01	8.782E-01	9.310E-01	8.803E-01	7.854E-01	7.460E-01	8.772E-01	6.529E-01	9.321E-01	8.123E-01	9.480E-01	8.586E-01	8.947E-01	7.173E-01	8.688E-01	8.099E-01	6.833E-01	9.317E-01	9.756E-01	9.789E-01	8.084E-01	8.952E-01	8.389E-01	8.748E-01	8.421E-01	8.954E-01	8.625E-01	7.899E-01	5.402E-01	9.720E-01	7.723E-01	8.565E-01	8.872E-01	
 -0.062	7.941E-01	9.879E-01	8.891E-01	9.884E-01	8.310E-01	8.599E-01	8.850E-01	8.781E-01	8.604E-01	8.866E-01	7.765E-01	9.411E-01	8.826E-01	8.724E-01	7.318E-01	9.204E-01	7.727E-01	8.286E-01	8.396E-01	8.369E-01	8.784E-01	7.959E-01	8.397E-01	9.356E-01	8.801E-01	6.633E-01	8.836E-01	8.762E-01	8.303E-01	9.357E-01	7.790E-01	9.870E-01	8.244E-01	7.130E-01	7.863E-01	8.856E-01	8.589E-01	8.813E-01	8.620E-01	8.527E-01	
 0.062	8.022E-01	9.767E-01	9.217E-01	8.632E-01	8.949E-01	9.293E-01	8.960E-01	9.259E-01	8.824E-01	8.742E-01	7.393E-01	8.458E-01	7.079E-01	8.273E-01	9.111E-01	9.876E-01	9.329E-01	9.196E-01	9.321E-01	8.867E-01	8.290E-01	8.167E-01	6.202E-01	7.499E-01	7.728E-01	8.865E-01	7.318E-01	9.232E-01	8.554E-01	6.935E-01	8.794E-01	9.340E-01	9.850E-01	9.422E-01	8.825E-01	8.776E-01	8.568E-01	9.121E-01	9.260E-01	7.531E-01	
 0.188	7.275E-01	7.660E-01	9.001E-01	8.377E-01	8.130E-01	9.025E-01	7.958E-01	8.891E-01	8.775E-01	8.818E-01	7.609E-01	9.132E-01	8.854E-01	9.344E-01	8.373E-01	9.329E-01	8.951E-01	8.783E-01	7.763E-01	7.696E-01	9.387E-01	6.730E-01	8.782E-01	9.375E-01	8.788E-01	8.247E-01	8.112E-01	8.120E-01	9.706E-01	8.475E-01	8.734E-01	9.378E-01	9.436E-01	8.909E-01	7.339E-01	7.801E-01	7.229E-01	7.372E-01	8.503E-01	8.194E-01	
 0.312	7.243E-01	8.802E-01	7.736E-01	8.902E-01	9.392E-01	7.982E-01	7.015E-01	9.809E-01	7.777E-01	8.472E-01	7.660E-01	7.504E-01	6.948E-01	8.262E-01	8.736E-01	9.588E-01	8.950E-01	8.782E-01	7.999E-01	9.811E-01	8.861E-01	8.827E-01	8.757E-01	7.649E-01	8.226E-01	8.001E-01	7.512E-01	9.349E-01	8.918E-01	8.437E-01	7.975E-01	8.789E-01	7.733E-01	8.032E-01	7.741E-01	9.075E-01	9.221E-01	7.820E-01	9.878E-01	9.109E-01	
 0.438	7.669E-01	7.602E-01	9.353E-01	7.220E-01	8.108E-01	9.260E-01	7.397E-01	8.912E-01	7.020E-01	8.892E-01	8.775E-01	8.478E-01	6.900E-01	9.589E-01	8.337E-01	8.343E-01	8.430E-01	8.921E-01	6.488E-01	7.032E-01	9.004E-01	8.779E-01	9.329E-01	9.376E-01	9.437E-01	8.130E-01	8.591E-01	8.187E-01	8.421E-01	8.238E-01	8.707E-01	9.787E-01	8.326E-01	8.588E-01	7.705E-01	8.739E-01	8.068E-01	8.970E-01	8.342E-01	6.796E-01	
 0.562	7.791E-01	9.240E-01	9.111E-01	9.116E-01	9.206E-01	7.974E-01	8.069E-01	9.870E-01	8.419E-01	9.837E-01	9.387E-01	8.403E-01	8.283E-01	9.849E-01	6.822E-01	8.324E-01	9.336E-01	8.670E-01	9.412E-01	9.337E-01	6.450E-01	8.546E-01	8.498E-01	9.047E-01	9.800E-01	7.934E-01	8.594E-01	8.481E-01	9.330E-01	8.050E-01	9.891E-01	7.952E-01	9.262E-01	9.362E-01	7.870E-01	8.401E-01	7.242E-01	8.698E-01	7.029E-01	9.126E-01	
 0.688	7.974E-01	9.317E-01	9.880E-01	8.449E-01	9.241E-01	8.497E-01	9.213E-01	9.404E-01	8.996E-01	8.216E-01	9.071E-01	7.311E-01	8.905E-01	8.237E-01	8.124E-01	8.803E-01	8.930E-01	8.796E-01	9.865E-01	9.853E-01	8.314E-01	8.733E-01	8.436E-01	8.494E-01	7.909E-01	9.259E-01	9.311E-01	9.173E-01	7.260E-01	8.354E-01	6.657E-01	8.785E-01	8.963E-01	8.497E-01	9.864E-01	6.983E-01	8.929E-01	8.465E-01	9.305E-01	9.839E-01	
 0.812	9.799E-01	7.792E-01	8.598E-01	7.265E-01	7.532E-01	9.796E-01	9.691E-01	8.068E-01	8.245E-01	7.786E-01	7.523E-01	7.143E-01	9.857E-01	8.633E-01	9.303E-01	9.899E-01	8.753E-01	8.346E-01	8.508E-01	8.174E-01	7.233E-01	8.860E-01	8.735E-01	9.175E-01	9.295E-01	7.772E-01	7.569E-01	9.870E-01	6.749E-01	9.359E-01	9.704E-01	7.337E-01	9.414E-01	9.019E-01	8.625E-01	8.415E-01	8.604E-01	7.982E-01	7.990E-01	9.347E-01	
 0.938	7.626E-01	9.812E-01	9.348E-01	9.249E-01	9.283E-01	9.366E-01	8.780E-01	8.795E-01	8.064E-01	8.845E-01	9.045E-01	8.033E-01	7.549E-01	9.788E-01	8.756E-01	8.783E-01	8.959E-01	7.794E-01	8.183E-01	8.747E-01	8.582E-01	9.136E-01	8.946E-01	9.326E-01	8.425E-01	9.078E-01	8.320E-01	8.276E-01	8.385E-01	8.706E-01	8.144E-01	8.491E-01	8.333E-01	9.362E-01	7.517E-01	8.364E-01	9.378E-01	8.565E-01	6.745E-01	9.320E-01	
 1.062	9.047E-01	8.778E-01	7.965E-01	7.670E-01	8.346E-01	8.509E-01	7.914E-01	8.301E-01	7.251E-01	9.169E-01	8.523E-01	7.361E-01	9.372E-01	8.213E-01	8.545E-01	9.400E-01	8.511E-01	9.751E-01	8.862E-01	9.033E-01	9.399E-01	8.448E-01	8.877E-01	8.231E-01	9.416E-01	8.653E-01	7.245E-01	7.228E-01	8.772E-01	9.276E-01	8.182E-01	8.398E-01	9.270E-01	8.053E-01	8.376E-01	8.433E-01	4.484E-01	9.037E-01	8.302E-01	8.757E-01	
 1.188	9.130E-01	7.081E-01	7.022E-01	7.571E-01	7.509E-01	7.796E-01	8.963E-01	8.294E-01	7.811E-01	8.816E-01	9.836E-01	9.108E-01	9.385E-01	8.245E-01	7.948E-01	9.402E-01	7.735E-01	9.774E-01	8.615E-01	8.032E-01	8.266E-01	8.639E-01	8.836E-01	7.703E-01	9.304E-01	8.675E-01	9.772E-01	8.783E-01	9.800E-01	9.863E-01	7.867E-01	9.064E-01	8.693E-01	9.018E-01	7.255E-01	8.481E-01	9.280E-01	5.739E-01	8.460E-01	8.011E-01	
 1.312	9.884E-01	9.259E-01	9.282E-01	8.498E-01	8.193E-01	8.637E-01	8.730E-01	7.643E-01	9.333E-01	7.500E-01	9.135E-01	9.394E-01	9.228E-01	8.622E-01	6.863E-01	7.199E-01	8.268E-01	9.739E-01	8.594E-01	7.243E-01	7.356E-01	7.717E-01	9.298E-01	8.104E-01	8.794E-01	8.995E-01	7.993E-01	9.188E-01	9.036E-01	9.838E-01	9.380E-01	9.388E-01	8.374E-01	9.293E-01	7.943E-01	8.120E-01	8.664E-01	9.225E-01	9.719E-01	5.810E-01	
 1.438	9.074E-01	8.984E-01	8.368E-01	8.257E-01	9.847E-01	9.166E-01	7.052E-01	9.440E-01	9.063E-01	8.821E-01	7.533E-01	8.847E-01	8.904E-01	7.661E-01	8.897E-01	7.627E-01	8.793E-01	9.358E-01	7.588E-01	8.725E-01	7.884E-01	7.567E-01	8.302E-01	8.836E-01	7.968E-01	8.134E-01	9.201E-01	7.074E-01	8.301E-01	7.943E-01	9.721E-01	7.567E-01	8.598E-01	5.893E-01	9.251E-01	9.873E-01	9.322E-01	8.484E-01	8.920E-01	9.078E-01	
 1.562	9.115E-01	7.951E-01	8.752E-01	8.799E-01	9.161E-01	8.506E-01	8.790E-01	9.384E-01	9.355E-01	9.242E-01	8.315E-01	7.844E-01	6.714E-01	8.212E-01	8.715E-01	7.420E-01	8.330E-01	8.761E-01	8.742E-01	8.960E-01	8.492E-01	9.341E-01	9.399E-01	7.629E-01	8.885E-01	8.992E-01	8.052E-01	8.097E-01	8.929E-01	8.833E-01	9.309E-01	8.848E-01	8.732E-01	9.733E-01	8.825E-01	9.365E-01	8.646E-01	9.266E-01	9.849E-01	8.536E-01	
 1.688	9.200E-01	8.457E-01	8.685E-01	7.525E-01	8.164E-01	8.240E-01	8.748E-01	8.764E-01	8.573E-01	7.909E-01	8.868E-01	7.679E-01	7.819E-01	8.275E-01	9.823E-01	7.194E-01	8.892E-01	7.624E-01	8.313E-01	9.363E-01	9.855E-01	8.386E-01	8.934E-01	7.311E-01	7.289E-01	9.878E-01	9.118E-01	9.192E-01	9.138E-01	8.844E-01	9.766E-01	7.759E-01	9.168E-01	8.700E-01	8.282E-01	9.012E-01	8.216E-01	9.060E-01	9.818E-01	8.857E-01	
 1.812	8.523E-01	8.382E-01	8.285E-01	8.064E-01	8.631E-01	8.075E-01	7.984E-01	8.864E-01	7.939E-01	9.090E-01	7.986E-01	8.695E-01	7.740E-01	9.155E-01	9.296E-01	8.315E-01	8.840E-01	7.533E-01	8.905E-01	9.832E-01	7.874E-01	7.747E-01	8.383E-01	8.750E-01	8.719E-01	6.963E-01	9.729E-01	8.620E-01	9.249E-01	9.778E-01	8.895E-01	9.765E-01	8.683E-01	9.870E-01	8.556E-01	8.375E-01	9.233E-01	7.229E-01	8.809E-01	8.795E-01	
 1.938	9.299E-01	8.613E-01	8.443E-01	9.190E-01	9.188E-01	9.030E-01	8.683E-01	7.864E-01	8.925E-01	7.678E-01	7.238E-01	8.728E-01	8.240E-01	7.588E-01	8.826E-01	8.800E-01	8.907E-01	8.563E-01	6.736E-01	8.830E-01	8.353E-01	8.426E-01	7.386E-01	8.390E-01	9.187E-01	9.201E-01	8.139E-01	8.782E-01	8.695E-01	8.309E-01	8.598E-01	7.585E-01	8.682E-01	7.446E-01	8.463E-01	8.566E-01	9.113E-01	7.070E-01	7.712E-01	7.398E-01	
 2.062	5.009E-01	8.737E-01	8.455E-01	7.682E-01	9.668E-01	9.358E-01	8.340E-01	8.640E-01	8.477E-01	9.772E-01	9.207E-01	7.445E-01	8.688E-01	8.715E-01	8.470E-01	7.040E-01	9.378E-01	8.768E-01	9.025E-01	8.039E-01	8.149E-01	8.566E-01	9.081E-01	9.244E-01	7.322E-01	9.146E-01	8.354E-01	9.802E-01	9.069E-01	9.143E-01	8.995E-01	9.911E-01	8.866E-01	9.866E-01	7.281E-01	8.572E-01	8.061E-01	8.455E-01	9.318E-01	9.228E-01	
 2.188	9.072E-01	8.254E-01	9.864E-01	8.930E-01	7.730E-01	8.152E-01	8.825E-01	8.587E-01	7.275E-01	7.097E-01	8.360E-01	9.885E-01	9.242E-01	8.800E-01	8.489E-01	7.465E-01	8.538E-01	8.083E-01	8.995E-01	9.778E-01	9.100E-01	8.804E-01	8.362E-01	8.849E-01	8.495E-01	8.709E-01	9.775E-01	9.283E-01	8.402E-01	9.805E-01	8.457E-01	8.021E-01	8.053E-01	9.830E-01	9.633E-01	9.237E-01	9.923E-01	9.161E-01	8.567E-01	9.832E-01	
 2.312	5.489E-01	9.741E-01	8.056E-01	9.299E-01	9.283E-01	7.433E-01	8.307E-01	9.102E-01	8.305E-01	8.408E-01	6.957E-01	7.007E-01	8.541E-01	9.693E-01	7.980E-01	8.867E-01	8.579E-01	7.824E-01	9.170E-01	9.130E-01	7.357E-01	9.196E-01	9.893E-01	9.826E-01	8.790E-01	6.191E-01	9.254E-01	7.475E-01	9.880E-01	9.267E-01	9.864E-01	8.983E-01	9.146E-01	9.790E-01	9.895E-01	9.781E-01	7.368E-01	9.146E-01	8.822E-01	8.873E-01	
 2.438	6.501E-01	9.143E-01	8.131E-01	7.526E-01	8.522E-01	9.208E-01	8.864E-01	8.252E-01	8.055E-01	9.197E-01	9.080E-01	7.961E-01	9.665E-01	8.846E-01	9.084E-01	8.517E-01	9.809E-01	7.644E-01	9.210E-01	8.354E-01	9.197E-01	9.826E-01	9.135E-01	7.909E-01	8.989E-01	8.693E-01	9.170E-01	9.027E-01	9.810E-01	8.448E-01	7.441E-01	8.336E-01	9.799E-01	8.426E-01	7.201E-01	9.053E-01	8.851E-01	8.270E-01	7.133E-01	8.993E-01	