-2.9500000	-2.8500000	-2.7500000	-2.6500000	-2.5500000	-2.4500000	-2.3500000	-2.2500000	-2.1500000	-2.0500000	-1.9500000	-1.8500000	-1.7500000	-1.6500000	-1.5500000	-1.4500000	-1.3500000	-1.2500000	-1.1500000	-1.0500000	-0.9500000	-0.8500000	-0.7500000	-0.6500000	-0.5500000	-0.4500000	-0.3500000	-0.2500000	-0.1500000	-0.0500000	 0.0500000	 0.1500000	 0.2500000	 0.3500000	 0.4500000	 0.5500000	 0.6500000	 0.7500000	 0.8500000	 0.9500000	 1.0500000	 1.1500000	 1.2500000	 1.3500000	 1.4500000	 1.5500000	 1.6500000	 1.7500000	 1.8500000	 1.9500000	 2.0500000	 2.1500000	 2.2500000	 2.3500000	 2.4500000	 2.5500000	 2.6500000	 2.7500000	 2.8500000	 2.9500000	
 -2.950	0.000E+00	0.000E+00	0.000E+00	0.000E+00	0.000E+00	0.000E+00	0.000E+00	0.000E+00	0.000E+00	0.000E+00	0.000E+00	0.000E+00	0.000E+00	0.000E+00	0.000E+00	0.000E+00	0.000E+00	0.000E+00	0.000E+00	0.000E+00	0.000E+00	0.000E+00	0.000E+00	0.000E+00	0.000E+00	0.000E+00	0.000E+00	0.000E+00	0.000E+00	0.000E+00	0.000E+00	0.000E+00	0.000E+00	0.000E+00	0.000E+00	0.000E+00	0.000E+00	0.000E+00	0.000E+00	0.000E+00	0.000E+00	0.000E+00	0.000E+00	0.000E+00	0.000E+00	0.000E+00	0.000E+00	0.000E+00	0.000E+00	0.000E+00	0.000E+00	0.000E+00	0.000E+00	0.000E+00	0.000E+00	0.000E+00	0.000E+00	0.000E+00	0.000E+00	0.000E+00	
 -2.850	0.000E+00	0.000E+00	0.000E+00	0.000E+00	0.000E+00	0.000E+00	0.000E+00	0.000E+00	0.000E+00	0.000E+00	0.000E+00	0.000E+00	0.000E+00	0.000E+00	0.000E+00	0.000E+00	0.000E+00	0.000E+00	0.000E+00	0.000E+00	0.000E+00	0.000E+00	0.000E+00	0.000E+00	0.000E+00	0.000E+00	0.000E+00	0.000E+00	0.000E+00	0.000E+00	0.000E+00	0.000E+00	0.000E+00	0.000E+00	0.000E+00	0.000E+00	0.000E+00	0.000E+00	0.000E+00	0.000E+00	0.000E+00	0.000E+00	0.000E+00	0.000E+00	0.000E+00	0.000E+00	0.000E+00	0.000E+00	0.000E+00	0.000E+00	0.000E+00	0.000E+00	0.000E+00	0.000E+00	0.000E+00	0.000E+00	0.000E+00	0.000E+00	0.000E+00	0.000E+00	
 -2.750	0.000E+00	0.000E+00	0.000E+00	0.000E+00	0.000E+00	0.000E+00	0.000E+00	0.000E+00	0.000E+00	0.000E+00	0.000E+00	0.000E+00	0.000E+00	0.000E+00	0.000E+00	0.000E+00	0.000E+00	0.000E+00	0.000E+00	0.000E+00	0.000E+00	0.000E+00	0.000E+00	0.000E+00	0.000E+00	0.000E+00	0.000E+00	0.000E+00	0.000E+00	0.000E+00	0.000E+00	0.000E+00	0.000E+00	0.000E+00	0.000E+00	0.000E+00	0.000E+00	0.000E+00	0.000E+00	0.000E+00	0.000E+00	0.000E+00	0.000E+00	0.000E+00	0.000E+00	0.000E+00	0.000E+00	0.000E+00	0.000E+00	0.000E+00	0.000E+00	0.000E+00	0.000E+00	0.000E+00	0.000E+00	0.000E+00	0.000E+00	0.000E+00	0.000E+00	0.000E+00	
 -2.650	0.000E+00	0.000E+00	0.000E+00	0.000E+00	0.000E+00	0.000E+00	0.000E+00	0.000E+00	0.000E+00	0.000E+00	0.000E+00	0.000E+00	0.000E+00	0.000E+00	0.000E+00	0.000E+00	0.000E+00	0.000E+00	0.000E+00	0.000E+00	0.000E+00	0.000E+00	0.000E+00	0.000E+00	0.000E+00	0.000E+00	0.000E+00	0.000E+00	0.000E+00	0.000E+00	0.000E+00	0.000E+00	0.000E+00	0.000E+00	0.000E+00	0.000E+00	0.000E+00	0.000E+00	0.000E+00	0.000E+00	0.000E+00	0.000E+00	0.000E+00	0.000E+00	0.000E+00	0.000E+00	0.000E+00	0.000E+00	0.000E+00	0.000E+00	0.000E+00	0.000E+00	0.000E+00	0.000E+00	0.000E+00	0.000E+00	0.000E+00	0.000E+00	0.000E+00	0.000E+00	
 -2.550	0.000E+00	0.000E+00	0.000E+00	0.000E+00	0.000E+00	0.000E+00	0.000E+00	0.000E+00	0.000E+00	0.000E+00	0.000E+00	0.000E+00	0.000E+00	0.000E+00	0.000E+00	0.000E+00	0.000E+00	0.000E+00	0.000E+00	0.000E+00	0.000E+00	0.000E+00	0.000E+00	0.000E+00	0.000E+00	0.000E+00	0.000E+00	0.000E+00	0.000E+00	0.000E+00	0.000E+00	-7.140E-01	0.000E+00	0.000E+00	0.000E+00	0.000E+00	0.000E+00	0.000E+00	0.000E+00	0.000E+00	0.000E+00	0.000E+00	0.000E+00	0.000E+00	0.000E+00	0.000E+00	0.000E+00	0.000E+00	0.000E+00	0.000E+00	0.000E+00	0.000E+00	0.000E+00	0.000E+00	0.000E+00	0.000E+00	0.000E+00	0.000E+00	0.000E+00	0.000E+00	
 -2.450	0.000E+00	0.000E+00	0.000E+00	0.000E+00	0.000E+00	9.563E-01	9.421E-01	9.742E-01	9.432E-01	9.501E-01	9.258E-01	9.641E-01	9.292E-01	9.539E-01	9.554E-01	9.522E-01	9.783E-01	9.524E-01	9.315E-01	9.392E-01	9.646E-01	9.573E-01	9.423E-01	9.429E-01	9.401E-01	9.599E-01	9.785E-01	9.549E-01	9.770E-01	9.405E-01	9.464E-01	9.498E-01	9.585E-01	9.380E-01	9.623E-01	9.467E-01	9.626E-01	9.635E-01	9.545E-01	9.432E-01	9.247E-01	9.557E-01	9.695E-01	9.636E-01	9.150E-01	9.445E-01	9.776E-01	9.320E-01	9.638E-01	9.605E-01	9.256E-01	9.174E-01	9.483E-01	9.380E-01	9.351E-01	0.000E+00	0.000E+00	0.000E+00	0.000E+00	0.000E+00	
 -2.350	0.000E+00	0.000E+00	0.000E+00	0.000E+00	0.000E+00	9.295E-01	9.386E-01	9.522E-01	9.292E-01	9.423E-01	9.548E-01	9.525E-01	9.695E-01	9.549E-01	9.489E-01	9.409E-01	9.347E-01	9.416E-01	9.462E-01	9.614E-01	9.201E-01	9.443E-01	9.490E-01	9.635E-01	9.616E-01	9.497E-01	9.344E-01	9.569E-01	9.350E-01	9.437E-01	9.436E-01	9.383E-01	9.560E-01	9.453E-01	9.691E-01	9.519E-01	9.514E-01	9.438E-01	9.525E-01	9.724E-01	9.475E-01	9.505E-01	9.594E-01	9.412E-01	9.471E-01	9.499E-01	9.449E-01	9.398E-01	9.454E-01	9.490E-01	9.280E-01	9.629E-01	9.627E-01	9.650E-01	9.384E-01	0.000E+00	0.000E+00	0.000E+00	0.000E+00	0.000E+00	
 -2.250	0.000E+00	0.000E+00	0.000E+00	0.000E+00	0.000E+00	9.482E-01	9.678E-01	9.379E-01	9.551E-01	9.182E-01	9.412E-01	9.439E-01	9.432E-01	9.729E-01	9.264E-01	9.629E-01	9.276E-01	9.372E-01	9.479E-01	9.379E-01	9.464E-01	9.712E-01	9.671E-01	9.637E-01	9.513E-01	9.297E-01	9.614E-01	9.400E-01	9.403E-01	9.520E-01	9.440E-01	9.331E-01	9.694E-01	9.290E-01	9.458E-01	9.555E-01	9.612E-01	9.617E-01	9.512E-01	9.492E-01	9.504E-01	9.533E-01	9.656E-01	9.608E-01	9.511E-01	9.497E-01	9.574E-01	9.336E-01	9.456E-01	9.574E-01	9.298E-01	9.398E-01	9.662E-01	9.160E-01	9.493E-01	0.000E+00	0.000E+00	0.000E+00	0.000E+00	0.000E+00	
 -2.150	0.000E+00	0.000E+00	0.000E+00	0.000E+00	0.000E+00	9.413E-01	9.453E-01	9.743E-01	9.077E-01	9.536E-01	9.575E-01	9.507E-01	9.237E-01	9.375E-01	9.595E-01	9.643E-01	9.649E-01	9.679E-01	9.364E-01	9.480E-01	9.722E-01	9.619E-01	9.381E-01	9.507E-01	9.483E-01	9.564E-01	9.410E-01	9.515E-01	9.531E-01	9.381E-01	9.544E-01	9.737E-01	9.260E-01	9.671E-01	9.591E-01	9.729E-01	9.386E-01	9.359E-01	9.361E-01	9.603E-01	9.806E-01	9.501E-01	9.401E-01	9.599E-01	9.669E-01	9.370E-01	9.502E-01	9.621E-01	9.365E-01	9.493E-01	9.597E-01	9.361E-01	9.168E-01	9.787E-01	9.544E-01	0.000E+00	0.000E+00	0.000E+00	0.000E+00	0.000E+00	
 -2.050	0.000E+00	0.000E+00	0.000E+00	0.000E+00	0.000E+00	9.568E-01	9.323E-01	9.590E-01	9.372E-01	9.544E-01	9.718E-01	9.381E-01	9.636E-01	9.649E-01	9.726E-01	9.594E-01	9.513E-01	9.613E-01	9.289E-01	9.771E-01	9.539E-01	9.564E-01	9.564E-01	9.530E-01	9.642E-01	9.549E-01	9.402E-01	9.166E-01	9.472E-01	9.355E-01	9.515E-01	9.397E-01	9.471E-01	9.313E-01	9.635E-01	9.647E-01	9.633E-01	9.549E-01	9.617E-01	9.425E-01	9.600E-01	9.325E-01	9.383E-01	9.544E-01	9.511E-01	9.320E-01	9.479E-01	9.468E-01	9.283E-01	9.489E-01	9.638E-01	9.597E-01	9.577E-01	9.544E-01	9.472E-01	0.000E+00	0.000E+00	0.000E+00	0.000E+00	0.000E+00	
 -1.950	0.000E+00	0.000E+00	0.000E+00	0.000E+00	0.000E+00	9.541E-01	9.269E-01	9.551E-01	9.420E-01	9.571E-01	9.724E-01	9.610E-01	9.654E-01	9.419E-01	9.412E-01	9.275E-01	9.308E-01	9.515E-01	9.456E-01	9.495E-01	9.729E-01	9.592E-01	9.717E-01	9.312E-01	9.420E-01	9.469E-01	9.410E-01	9.571E-01	9.586E-01	9.496E-01	9.277E-01	9.582E-01	9.534E-01	9.775E-01	9.332E-01	9.652E-01	9.332E-01	9.463E-01	9.516E-01	9.444E-01	9.436E-01	9.405E-01	9.464E-01	9.568E-01	9.552E-01	9.632E-01	9.241E-01	9.313E-01	9.528E-01	9.388E-01	9.505E-01	9.216E-01	9.340E-01	9.286E-01	9.517E-01	0.000E+00	0.000E+00	0.000E+00	0.000E+00	0.000E+00	
 -1.850	0.000E+00	0.000E+00	0.000E+00	0.000E+00	0.000E+00	9.777E-01	9.864E-01	9.587E-01	9.306E-01	9.546E-01	9.249E-01	9.625E-01	9.449E-01	9.469E-01	9.611E-01	9.267E-01	9.470E-01	9.192E-01	9.471E-01	9.522E-01	9.095E-01	9.549E-01	9.530E-01	9.352E-01	9.605E-01	9.394E-01	9.533E-01	9.414E-01	9.417E-01	9.380E-01	9.240E-01	9.533E-01	9.255E-01	9.721E-01	9.549E-01	9.673E-01	9.629E-01	9.526E-01	9.775E-01	9.572E-01	9.458E-01	9.490E-01	9.560E-01	9.303E-01	9.601E-01	9.371E-01	9.367E-01	9.315E-01	9.215E-01	9.641E-01	9.356E-01	9.287E-01	9.486E-01	9.426E-01	9.407E-01	0.000E+00	0.000E+00	0.000E+00	0.000E+00	0.000E+00	
 -1.750	0.000E+00	0.000E+00	0.000E+00	0.000E+00	0.000E+00	9.573E-01	9.343E-01	9.358E-01	9.375E-01	9.644E-01	9.656E-01	9.602E-01	9.449E-01	9.417E-01	9.686E-01	9.446E-01	9.122E-01	9.466E-01	9.388E-01	9.564E-01	9.379E-01	9.620E-01	9.604E-01	9.660E-01	9.325E-01	9.358E-01	9.468E-01	9.666E-01	9.438E-01	9.619E-01	9.614E-01	9.335E-01	9.683E-01	9.516E-01	9.151E-01	9.786E-01	9.611E-01	9.380E-01	9.619E-01	9.491E-01	9.372E-01	9.483E-01	9.603E-01	9.563E-01	9.632E-01	9.665E-01	9.486E-01	9.412E-01	9.318E-01	9.623E-01	9.623E-01	9.496E-01	9.541E-01	9.132E-01	9.472E-01	0.000E+00	0.000E+00	0.000E+00	0.000E+00	0.000E+00	
 -1.650	0.000E+00	0.000E+00	0.000E+00	0.000E+00	0.000E+00	9.370E-01	9.616E-01	9.573E-01	9.642E-01	9.474E-01	9.776E-01	9.455E-01	9.469E-01	9.633E-01	9.357E-01	9.535E-01	9.447E-01	9.458E-01	9.226E-01	9.629E-01	9.619E-01	9.459E-01	9.576E-01	9.612E-01	9.518E-01	9.454E-01	9.334E-01	9.432E-01	9.613E-01	9.311E-01	9.433E-01	9.551E-01	9.735E-01	9.496E-01	9.437E-01	9.472E-01	9.504E-01	9.867E-01	9.513E-01	9.541E-01	9.417E-01	9.356E-01	9.553E-01	9.767E-01	9.739E-01	9.566E-01	9.566E-01	9.500E-01	9.291E-01	9.641E-01	9.371E-01	9.585E-01	9.569E-01	9.762E-01	9.144E-01	0.000E+00	0.000E+00	0.000E+00	0.000E+00	0.000E+00	
 -1.550	0.000E+00	0.000E+00	0.000E+00	0.000E+00	0.000E+00	9.711E-01	9.372E-01	9.484E-01	9.276E-01	9.298E-01	9.535E-01	9.531E-01	9.741E-01	9.619E-01	9.457E-01	9.335E-01	9.449E-01	9.470E-01	9.685E-01	9.632E-01	9.343E-01	9.655E-01	9.363E-01	9.664E-01	9.544E-01	9.413E-01	9.447E-01	9.244E-01	9.434E-01	9.617E-01	9.663E-01	9.520E-01	9.627E-01	9.693E-01	9.618E-01	9.574E-01	9.482E-01	9.364E-01	9.702E-01	9.416E-01	9.359E-01	9.290E-01	9.476E-01	9.364E-01	9.024E-01	9.318E-01	9.641E-01	9.315E-01	9.406E-01	9.485E-01	9.416E-01	9.556E-01	9.089E-01	9.610E-01	9.613E-01	0.000E+00	0.000E+00	0.000E+00	0.000E+00	0.000E+00	
 -1.450	0.000E+00	0.000E+00	0.000E+00	0.000E+00	0.000E+00	9.168E-01	9.435E-01	9.457E-01	9.406E-01	9.741E-01	9.685E-01	9.508E-01	9.567E-01	9.426E-01	9.404E-01	9.502E-01	9.516E-01	9.597E-01	9.422E-01	9.715E-01	9.475E-01	9.496E-01	9.654E-01	9.362E-01	9.516E-01	9.606E-01	9.525E-01	9.445E-01	9.492E-01	9.730E-01	9.730E-01	9.524E-01	9.311E-01	9.366E-01	9.291E-01	9.461E-01	9.088E-01	9.547E-01	9.545E-01	9.437E-01	9.396E-01	9.729E-01	9.474E-01	9.441E-01	9.635E-01	9.412E-01	9.242E-01	9.539E-01	9.547E-01	9.481E-01	9.666E-01	9.529E-01	9.570E-01	9.170E-01	9.548E-01	0.000E+00	0.000E+00	0.000E+00	0.000E+00	0.000E+00	
 -1.350	0.000E+00	0.000E+00	0.000E+00	0.000E+00	0.000E+00	9.395E-01	9.500E-01	9.609E-01	9.538E-01	9.456E-01	9.593E-01	9.320E-01	9.636E-01	9.590E-01	9.584E-01	9.563E-01	9.377E-01	9.442E-01	9.682E-01	9.611E-01	9.641E-01	9.406E-01	9.680E-01	9.319E-01	9.479E-01	9.563E-01	9.579E-01	9.461E-01	9.388E-01	9.364E-01	9.466E-01	9.192E-01	9.346E-01	9.449E-01	9.518E-01	9.720E-01	9.595E-01	9.400E-01	9.703E-01	9.697E-01	9.827E-01	9.516E-01	9.331E-01	9.661E-01	9.474E-01	9.497E-01	9.478E-01	9.240E-01	9.565E-01	9.437E-01	9.481E-01	9.423E-01	9.691E-01	9.557E-01	9.318E-01	0.000E+00	0.000E+00	0.000E+00	0.000E+00	0.000E+00	
 -1.250	0.000E+00	0.000E+00	0.000E+00	0.000E+00	0.000E+00	9.344E-01	9.650E-01	9.390E-01	9.351E-01	9.479E-01	9.363E-01	9.580E-01	9.472E-01	9.445E-01	9.429E-01	9.119E-01	9.585E-01	9.266E-01	9.505E-01	9.220E-01	9.643E-01	9.670E-01	9.378E-01	9.571E-01	9.610E-01	9.582E-01	9.576E-01	9.339E-01	9.484E-01	9.189E-01	9.503E-01	9.528E-01	9.680E-01	9.559E-01	9.516E-01	9.548E-01	9.433E-01	9.768E-01	9.483E-01	9.464E-01	9.349E-01	9.539E-01	9.437E-01	9.694E-01	9.397E-01	9.599E-01	9.624E-01	9.298E-01	9.373E-01	9.348E-01	9.749E-01	9.545E-01	9.361E-01	9.516E-01	9.351E-01	0.000E+00	0.000E+00	0.000E+00	0.000E+00	0.000E+00	
 -1.150	0.000E+00	0.000E+00	0.000E+00	0.000E+00	0.000E+00	9.520E-01	9.274E-01	9.657E-01	9.448E-01	9.414E-01	9.699E-01	9.436E-01	9.674E-01	9.677E-01	9.777E-01	9.457E-01	9.657E-01	9.681E-01	9.273E-01	9.419E-01	9.309E-01	9.266E-01	9.553E-01	9.285E-01	9.574E-01	9.696E-01	9.560E-01	9.643E-01	9.576E-01	9.194E-01	9.651E-01	9.550E-01	9.425E-01	9.510E-01	9.378E-01	9.428E-01	9.333E-01	9.419E-01	9.535E-01	9.456E-01	9.669E-01	9.507E-01	9.609E-01	9.425E-01	9.742E-01	9.562E-01	9.465E-01	9.700E-01	9.464E-01	9.685E-01	9.498E-01	9.526E-01	9.514E-01	9.535E-01	9.454E-01	0.000E+00	0.000E+00	0.000E+00	0.000E+00	0.000E+00	
 -1.050	0.000E+00	0.000E+00	0.000E+00	0.000E+00	0.000E+00	9.635E-01	9.200E-01	9.599E-01	9.390E-01	9.659E-01	9.517E-01	9.374E-01	9.751E-01	9.389E-01	9.675E-01	9.558E-01	9.638E-01	9.620E-01	9.533E-01	9.490E-01	9.493E-01	9.704E-01	9.512E-01	9.756E-01	9.490E-01	9.328E-01	9.484E-01	9.665E-01	9.540E-01	9.610E-01	9.630E-01	9.475E-01	9.467E-01	9.530E-01	9.482E-01	9.784E-01	9.425E-01	9.541E-01	9.359E-01	9.642E-01	9.776E-01	9.503E-01	9.614E-01	9.469E-01	9.425E-01	9.579E-01	9.333E-01	9.376E-01	9.362E-01	9.338E-01	9.409E-01	9.465E-01	9.320E-01	9.468E-01	9.254E-01	0.000E+00	0.000E+00	0.000E+00	0.000E+00	0.000E+00	
 -0.950	0.000E+00	0.000E+00	0.000E+00	0.000E+00	0.000E+00	9.748E-01	9.600E-01	9.449E-01	9.430E-01	9.515E-01	9.680E-01	9.529E-01	9.584E-01	9.598E-01	9.492E-01	9.732E-01	9.161E-01	9.217E-01	9.577E-01	9.285E-01	9.470E-01	9.493E-01	9.180E-01	9.611E-01	9.500E-01	9.592E-01	9.569E-01	9.343E-01	9.418E-01	9.606E-01	9.724E-01	9.517E-01	9.301E-01	9.483E-01	9.498E-01	9.678E-01	9.563E-01	9.646E-01	9.538E-01	9.485E-01	9.525E-01	9.592E-01	9.652E-01	9.426E-01	9.777E-01	9.552E-01	9.519E-01	9.389E-01	9.536E-01	9.464E-01	9.422E-01	9.483E-01	9.643E-01	9.392E-01	9.327E-01	0.000E+00	0.000E+00	0.000E+00	0.000E+00	0.000E+00	
 -0.850	0.000E+00	0.000E+00	0.000E+00	0.000E+00	0.000E+00	9.374E-01	9.378E-01	9.545E-01	9.366E-01	9.329E-01	9.540E-01	9.496E-01	9.562E-01	9.336E-01	9.507E-01	9.290E-01	9.547E-01	9.683E-01	9.464E-01	9.790E-01	9.528E-01	9.340E-01	9.529E-01	9.403E-01	9.305E-01	9.406E-01	9.454E-01	9.442E-01	9.775E-01	9.388E-01	9.503E-01	9.675E-01	9.357E-01	9.692E-01	9.455E-01	9.392E-01	9.213E-01	9.436E-01	9.580E-01	9.570E-01	9.523E-01	9.678E-01	9.557E-01	9.446E-01	9.279E-01	9.759E-01	9.727E-01	9.518E-01	9.636E-01	9.599E-01	9.650E-01	9.311E-01	9.466E-01	9.573E-01	9.572E-01	0.000E+00	0.000E+00	0.000E+00	0.000E+00	0.000E+00	
 -0.750	0.000E+00	0.000E+00	0.000E+00	0.000E+00	0.000E+00	9.623E-01	9.626E-01	9.388E-01	9.647E-01	9.556E-01	9.504E-01	9.434E-01	9.451E-01	9.414E-01	9.437E-01	9.410E-01	9.305E-01	9.327E-01	9.470E-01	9.335E-01	9.312E-01	9.475E-01	9.282E-01	9.387E-01	9.635E-01	9.452E-01	9.502E-01	9.477E-01	9.689E-01	9.588E-01	9.216E-01	9.441E-01	9.651E-01	9.553E-01	9.743E-01	9.403E-01	9.598E-01	9.554E-01	9.411E-01	9.624E-01	9.361E-01	9.718E-01	9.615E-01	9.327E-01	9.023E-01	9.360E-01	9.470E-01	9.596E-01	9.221E-01	9.368E-01	9.334E-01	9.534E-01	9.085E-01	9.635E-01	9.405E-01	0.000E+00	0.000E+00	0.000E+00	0.000E+00	0.000E+00	
 -0.650	0.000E+00	0.000E+00	0.000E+00	0.000E+00	0.000E+00	9.696E-01	9.474E-01	9.618E-01	9.577E-01	9.476E-01	9.685E-01	9.429E-01	9.557E-01	9.648E-01	9.666E-01	9.651E-01	9.465E-01	9.409E-01	9.774E-01	9.694E-01	9.549E-01	9.816E-01	9.567E-01	9.517E-01	9.508E-01	9.399E-01	9.520E-01	9.450E-01	9.461E-01	9.181E-01	9.520E-01	9.666E-01	9.497E-01	9.518E-01	9.498E-01	9.478E-01	9.375E-01	9.571E-01	9.565E-01	9.478E-01	9.658E-01	9.605E-01	9.391E-01	9.313E-01	9.507E-01	9.425E-01	9.579E-01	9.530E-01	9.340E-01	9.617E-01	9.323E-01	9.297E-01	9.539E-01	9.638E-01	9.727E-01	0.000E+00	0.000E+00	0.000E+00	0.000E+00	0.000E+00	
 -0.550	0.000E+00	0.000E+00	0.000E+00	0.000E+00	0.000E+00	9.295E-01	9.093E-01	9.680E-01	9.692E-01	9.775E-01	9.532E-01	9.624E-01	9.702E-01	9.353E-01	9.407E-01	9.425E-01	9.765E-01	9.824E-01	9.439E-01	9.679E-01	9.474E-01	9.468E-01	9.433E-01	9.598E-01	9.599E-01	9.637E-01	9.583E-01	9.627E-01	9.351E-01	9.591E-01	9.595E-01	9.354E-01	9.767E-01	9.622E-01	9.514E-01	9.441E-01	9.078E-01	9.458E-01	9.336E-01	9.773E-01	9.476E-01	9.477E-01	9.498E-01	9.656E-01	9.655E-01	9.297E-01	9.550E-01	9.310E-01	9.564E-01	9.628E-01	9.615E-01	9.159E-01	9.417E-01	9.484E-01	9.717E-01	0.000E+00	0.000E+00	0.000E+00	0.000E+00	0.000E+00	
 -0.450	0.000E+00	0.000E+00	0.000E+00	0.000E+00	0.000E+00	9.630E-01	9.511E-01	9.490E-01	9.464E-01	9.584E-01	9.589E-01	9.644E-01	9.451E-01	9.657E-01	9.450E-01	9.397E-01	9.657E-01	9.509E-01	9.141E-01	9.396E-01	9.390E-01	9.328E-01	9.583E-01	9.518E-01	9.660E-01	9.516E-01	9.404E-01	9.587E-01	9.411E-01	9.514E-01	9.415E-01	9.302E-01	9.390E-01	9.657E-01	9.453E-01	9.380E-01	9.574E-01	9.772E-01	9.819E-01	9.555E-01	9.507E-01	9.559E-01	9.572E-01	9.294E-01	9.623E-01	9.783E-01	9.574E-01	9.465E-01	9.367E-01	9.310E-01	9.563E-01	9.520E-01	9.366E-01	9.435E-01	9.592E-01	0.000E+00	0.000E+00	0.000E+00	0.000E+00	0.000E+00	
 -0.350	0.000E+00	0.000E+00	0.000E+00	0.000E+00	0.000E+00	9.563E-01	9.508E-01	9.378E-01	9.417E-01	9.431E-01	9.558E-01	9.602E-01	9.589E-01	9.371E-01	9.220E-01	9.338E-01	9.394E-01	9.436E-01	9.631E-01	9.529E-01	9.498E-01	9.124E-01	9.523E-01	9.110E-01	9.578E-01	9.672E-01	9.448E-01	9.661E-01	9.516E-01	9.305E-01	9.445E-01	9.723E-01	9.372E-01	9.696E-01	9.411E-01	9.540E-01	9.697E-01	9.154E-01	9.405E-01	9.529E-01	9.613E-01	9.683E-01	9.382E-01	9.658E-01	9.401E-01	9.350E-01	9.479E-01	9.385E-01	9.729E-01	9.570E-01	9.466E-01	9.554E-01	9.546E-01	9.523E-01	9.410E-01	0.000E+00	0.000E+00	0.000E+00	0.000E+00	0.000E+00	
 -0.250	0.000E+00	0.000E+00	0.000E+00	0.000E+00	0.000E+00	9.463E-01	9.560E-01	9.529E-01	9.501E-01	9.426E-01	9.565E-01	9.599E-01	9.445E-01	9.465E-01	9.555E-01	9.424E-01	9.568E-01	9.420E-01	9.710E-01	9.425E-01	9.631E-01	9.554E-01	9.641E-01	9.586E-01	9.520E-01	9.561E-01	9.344E-01	9.605E-01	9.351E-01	9.603E-01	9.546E-01	9.525E-01	9.349E-01	9.392E-01	9.387E-01	9.411E-01	9.645E-01	9.170E-01	9.725E-01	9.607E-01	9.679E-01	9.370E-01	9.597E-01	9.243E-01	9.520E-01	9.613E-01	9.328E-01	9.173E-01	9.505E-01	9.599E-01	9.353E-01	9.572E-01	9.547E-01	9.320E-01	9.732E-01	0.000E+00	0.000E+00	0.000E+00	0.000E+00	0.000E+00	
 -0.150	0.000E+00	0.000E+00	0.000E+00	0.000E+00	0.000E+00	9.576E-01	9.495E-01	9.609E-01	9.390E-01	9.588E-01	9.381E-01	9.308E-01	9.476E-01	9.569E-01	9.428E-01	9.438E-01	9.305E-01	9.454E-01	9.807E-01	9.582E-01	9.266E-01	9.663E-01	9.597E-01	9.557E-01	9.454E-01	9.566E-01	9.405E-01	9.411E-01	9.534E-01	9.295E-01	9.547E-01	9.646E-01	9.437E-01	9.489E-01	9.604E-01	9.589E-01	9.581E-01	9.431E-01	9.545E-01	9.193E-01	9.797E-01	9.549E-01	9.475E-01	9.170E-01	9.245E-01	9.320E-01	9.445E-01	9.506E-01	9.523E-01	9.176E-01	9.405E-01	9.387E-01	9.266E-01	9.624E-01	9.456E-01	0.000E+00	0.000E+00	0.000E+00	0.000E+00	0.000E+00	
 -0.050	0.000E+00	0.000E+00	0.000E+00	0.000E+00	9.729E-01	9.396E-01	9.331E-01	9.331E-01	9.347E-01	9.518E-01	9.607E-01	9.658E-01	9.869E-01	9.124E-01	9.615E-01	9.585E-01	9.692E-01	9.591E-01	9.100E-01	9.595E-01	9.536E-01	9.388E-01	9.545E-01	9.371E-01	9.732E-01	9.419E-01	9.623E-01	9.331E-01	9.708E-01	9.461E-01	9.560E-01	9.587E-01	9.434E-01	9.326E-01	9.514E-01	9.438E-01	9.701E-01	9.584E-01	9.334E-01	9.551E-01	9.545E-01	9.187E-01	9.774E-01	9.344E-01	9.607E-01	9.285E-01	9.324E-01	9.473E-01	9.576E-01	9.546E-01	9.273E-01	9.747E-01	9.542E-01	9.598E-01	9.451E-01	0.000E+00	0.000E+00	0.000E+00	0.000E+00	0.000E+00	
 0.050	0.000E+00	0.000E+00	0.000E+00	0.000E+00	0.000E+00	9.725E-01	9.655E-01	9.638E-01	9.430E-01	9.421E-01	9.544E-01	9.445E-01	9.467E-01	9.633E-01	9.555E-01	9.339E-01	9.488E-01	9.499E-01	9.560E-01	9.490E-01	9.758E-01	9.732E-01	9.625E-01	9.616E-01	9.323E-01	9.524E-01	9.745E-01	9.542E-01	9.479E-01	9.317E-01	9.449E-01	9.626E-01	9.383E-01	9.397E-01	9.690E-01	9.348E-01	9.320E-01	9.826E-01	9.302E-01	9.552E-01	9.500E-01	9.627E-01	9.487E-01	9.550E-01	9.426E-01	9.687E-01	9.642E-01	9.541E-01	9.287E-01	9.287E-01	9.448E-01	9.658E-01	9.161E-01	9.486E-01	9.414E-01	0.000E+00	0.000E+00	0.000E+00	0.000E+00	0.000E+00	
 0.150	0.000E+00	0.000E+00	0.000E+00	0.000E+00	0.000E+00	9.677E-01	9.576E-01	9.373E-01	9.416E-01	9.319E-01	9.255E-01	9.614E-01	9.499E-01	9.582E-01	9.711E-01	9.639E-01	9.777E-01	9.602E-01	9.548E-01	9.401E-01	9.599E-01	9.592E-01	9.678E-01	9.478E-01	9.427E-01	9.653E-01	9.570E-01	9.298E-01	9.603E-01	9.397E-01	9.566E-01	9.395E-01	9.514E-01	9.569E-01	9.636E-01	9.573E-01	9.734E-01	9.500E-01	9.624E-01	9.689E-01	9.653E-01	9.637E-01	9.574E-01	9.422E-01	9.330E-01	9.616E-01	9.665E-01	9.551E-01	9.452E-01	9.470E-01	9.521E-01	9.262E-01	9.537E-01	9.407E-01	9.475E-01	0.000E+00	0.000E+00	0.000E+00	0.000E+00	0.000E+00	
 0.250	0.000E+00	0.000E+00	0.000E+00	0.000E+00	0.000E+00	9.413E-01	9.547E-01	9.463E-01	9.625E-01	9.485E-01	9.686E-01	9.673E-01	9.572E-01	9.613E-01	9.470E-01	9.707E-01	9.696E-01	9.429E-01	9.537E-01	9.597E-01	9.287E-01	9.533E-01	9.463E-01	9.455E-01	9.517E-01	9.405E-01	9.314E-01	9.266E-01	9.487E-01	9.544E-01	9.395E-01	9.536E-01	9.285E-01	9.410E-01	9.273E-01	9.637E-01	9.242E-01	9.585E-01	9.769E-01	9.507E-01	9.629E-01	9.555E-01	9.602E-01	9.488E-01	9.123E-01	9.610E-01	9.376E-01	9.657E-01	9.256E-01	9.387E-01	9.624E-01	9.554E-01	9.437E-01	9.441E-01	9.439E-01	0.000E+00	0.000E+00	0.000E+00	0.000E+00	0.000E+00	
 0.350	0.000E+00	0.000E+00	0.000E+00	0.000E+00	0.000E+00	9.629E-01	9.510E-01	9.421E-01	9.379E-01	9.370E-01	9.409E-01	9.625E-01	9.600E-01	9.498E-01	9.500E-01	9.626E-01	9.330E-01	9.085E-01	9.521E-01	9.318E-01	9.398E-01	9.574E-01	9.677E-01	9.566E-01	9.704E-01	9.612E-01	9.339E-01	9.339E-01	9.485E-01	9.396E-01	9.653E-01	9.362E-01	9.488E-01	9.477E-01	9.417E-01	9.322E-01	9.485E-01	9.636E-01	9.578E-01	9.294E-01	9.422E-01	9.599E-01	9.551E-01	9.499E-01	9.673E-01	9.647E-01	9.455E-01	9.581E-01	9.481E-01	9.189E-01	9.729E-01	9.499E-01	9.682E-01	9.669E-01	9.525E-01	0.000E+00	0.000E+00	0.000E+00	0.000E+00	0.000E+00	
 0.450	0.000E+00	0.000E+00	0.000E+00	0.000E+00	0.000E+00	9.358E-01	9.542E-01	9.414E-01	9.077E-01	9.396E-01	9.823E-01	9.468E-01	9.451E-01	9.824E-01	9.525E-01	9.651E-01	9.632E-01	9.532E-01	9.297E-01	9.655E-01	9.533E-01	9.410E-01	9.533E-01	9.414E-01	9.813E-01	9.171E-01	9.311E-01	9.397E-01	9.506E-01	9.559E-01	9.535E-01	9.561E-01	9.455E-01	9.437E-01	9.673E-01	9.728E-01	9.350E-01	9.737E-01	9.536E-01	9.593E-01	9.385E-01	9.443E-01	9.710E-01	9.604E-01	9.535E-01	9.574E-01	9.548E-01	9.482E-01	9.676E-01	9.340E-01	9.505E-01	9.656E-01	9.687E-01	9.406E-01	9.272E-01	0.000E+00	0.000E+00	0.000E+00	0.000E+00	0.000E+00	
 0.550	0.000E+00	0.000E+00	0.000E+00	0.000E+00	0.000E+00	9.457E-01	9.518E-01	9.462E-01	9.568E-01	9.341E-01	9.523E-01	9.638E-01	9.467E-01	9.491E-01	9.534E-01	9.206E-01	9.593E-01	9.476E-01	9.528E-01	9.716E-01	9.675E-01	9.700E-01	9.394E-01	9.654E-01	9.605E-01	9.250E-01	9.592E-01	9.676E-01	9.385E-01	9.772E-01	9.585E-01	9.616E-01	9.339E-01	9.502E-01	9.364E-01	9.297E-01	9.571E-01	9.684E-01	9.688E-01	9.448E-01	9.676E-01	9.737E-01	9.611E-01	9.543E-01	9.339E-01	9.526E-01	9.643E-01	9.682E-01	9.448E-01	9.359E-01	9.468E-01	9.402E-01	9.305E-01	9.572E-01	9.440E-01	0.000E+00	0.000E+00	0.000E+00	0.000E+00	0.000E+00	
 0.650	0.000E+00	0.000E+00	0.000E+00	0.000E+00	0.000E+00	9.374E-01	9.485E-01	9.446E-01	9.440E-01	9.530E-01	9.609E-01	9.812E-01	9.551E-01	9.405E-01	9.582E-01	9.359E-01	9.633E-01	9.623E-01	9.578E-01	9.501E-01	9.687E-01	9.528E-01	9.597E-01	9.585E-01	9.344E-01	9.447E-01	9.537E-01	9.469E-01	9.394E-01	9.545E-01	9.497E-01	9.455E-01	9.323E-01	9.446E-01	9.593E-01	9.669E-01	9.194E-01	9.298E-01	9.529E-01	9.460E-01	9.493E-01	9.485E-01	9.623E-01	9.570E-01	9.324E-01	9.414E-01	9.365E-01	9.376E-01	9.196E-01	9.533E-01	9.511E-01	9.273E-01	9.483E-01	9.385E-01	9.580E-01	0.000E+00	0.000E+00	0.000E+00	0.000E+00	0.000E+00	
 0.750	0.000E+00	0.000E+00	0.000E+00	0.000E+00	0.000E+00	9.404E-01	9.845E-01	9.509E-01	9.903E-01	9.472E-01	9.585E-01	9.399E-01	9.327E-01	9.555E-01	9.772E-01	9.269E-01	9.646E-01	9.429E-01	9.713E-01	9.472E-01	9.397E-01	9.593E-01	9.533E-01	9.492E-01	9.613E-01	9.552E-01	9.610E-01	9.570E-01	9.288E-01	9.282E-01	9.603E-01	9.539E-01	9.485E-01	9.550E-01	9.369E-01	9.705E-01	9.328E-01	9.245E-01	9.588E-01	9.369E-01	9.430E-01	9.563E-01	9.504E-01	9.378E-01	9.390E-01	9.786E-01	9.455E-01	9.811E-01	9.507E-01	9.412E-01	9.646E-01	9.649E-01	9.346E-01	9.299E-01	9.600E-01	0.000E+00	0.000E+00	0.000E+00	0.000E+00	0.000E+00	
 0.850	0.000E+00	0.000E+00	0.000E+00	0.000E+00	0.000E+00	9.672E-01	9.487E-01	9.495E-01	9.339E-01	9.719E-01	9.549E-01	9.374E-01	9.728E-01	9.441E-01	9.373E-01	9.441E-01	9.482E-01	9.418E-01	9.645E-01	9.310E-01	9.268E-01	9.425E-01	9.498E-01	9.478E-01	9.427E-01	9.606E-01	9.408E-01	9.232E-01	9.537E-01	9.393E-01	9.508E-01	9.619E-01	9.367E-01	9.308E-01	9.497E-01	9.598E-01	9.336E-01	9.504E-01	9.449E-01	9.396E-01	9.641E-01	9.752E-01	9.337E-01	9.710E-01	9.325E-01	9.740E-01	9.679E-01	9.510E-01	9.477E-01	9.416E-01	9.604E-01	9.517E-01	9.266E-01	9.449E-01	9.648E-01	0.000E+00	0.000E+00	0.000E+00	0.000E+00	0.000E+00	
 0.950	0.000E+00	0.000E+00	0.000E+00	0.000E+00	0.000E+00	9.451E-01	9.543E-01	9.496E-01	9.307E-01	9.652E-01	9.515E-01	9.526E-01	9.509E-01	9.620E-01	9.645E-01	9.486E-01	9.722E-01	9.513E-01	9.496E-01	9.184E-01	9.138E-01	9.505E-01	9.417E-01	9.455E-01	9.711E-01	9.814E-01	9.852E-01	9.394E-01	9.544E-01	9.392E-01	9.401E-01	9.325E-01	9.522E-01	9.358E-01	9.605E-01	9.723E-01	9.587E-01	9.164E-01	9.646E-01	9.449E-01	9.567E-01	9.235E-01	9.472E-01	9.672E-01	9.637E-01	9.311E-01	9.405E-01	9.475E-01	9.501E-01	9.668E-01	9.575E-01	9.346E-01	9.327E-01	9.389E-01	9.784E-01	0.000E+00	0.000E+00	0.000E+00	0.000E+00	0.000E+00	
 1.050	0.000E+00	0.000E+00	0.000E+00	0.000E+00	0.000E+00	9.437E-01	9.730E-01	9.214E-01	9.240E-01	9.302E-01	9.476E-01	9.498E-01	9.476E-01	9.232E-01	9.756E-01	9.437E-01	9.557E-01	9.469E-01	9.621E-01	9.572E-01	9.639E-01	9.481E-01	9.342E-01	9.317E-01	9.651E-01	9.498E-01	9.306E-01	9.487E-01	9.522E-01	9.302E-01	9.571E-01	9.594E-01	9.509E-01	9.341E-01	9.521E-01	9.499E-01	9.275E-01	9.533E-01	9.560E-01	9.337E-01	9.294E-01	9.638E-01	9.556E-01	9.275E-01	9.429E-01	9.538E-01	9.760E-01	9.713E-01	9.390E-01	9.496E-01	9.588E-01	9.234E-01	9.562E-01	9.510E-01	9.573E-01	0.000E+00	0.000E+00	0.000E+00	0.000E+00	0.000E+00	
 1.150	0.000E+00	0.000E+00	0.000E+00	0.000E+00	0.000E+00	9.257E-01	9.772E-01	9.474E-01	9.367E-01	9.398E-01	9.302E-01	9.548E-01	9.616E-01	9.445E-01	9.591E-01	9.492E-01	9.740E-01	9.442E-01	9.634E-01	9.684E-01	9.321E-01	9.516E-01	9.358E-01	9.546E-01	9.547E-01	9.488E-01	9.275E-01	9.602E-01	9.476E-01	9.474E-01	9.572E-01	9.284E-01	9.371E-01	9.388E-01	9.349E-01	9.709E-01	9.579E-01	9.574E-01	9.134E-01	9.363E-01	9.291E-01	9.376E-01	9.361E-01	9.376E-01	9.483E-01	9.584E-01	9.437E-01	9.604E-01	9.705E-01	9.393E-01	9.543E-01	9.378E-01	9.340E-01	9.479E-01	9.313E-01	0.000E+00	0.000E+00	0.000E+00	0.000E+00	0.000E+00	
 1.250	0.000E+00	0.000E+00	0.000E+00	0.000E+00	0.000E+00	9.293E-01	9.588E-01	9.750E-01	9.166E-01	9.583E-01	9.524E-01	9.508E-01	9.440E-01	9.366E-01	9.380E-01	9.400E-01	9.652E-01	9.580E-01	9.506E-01	9.528E-01	9.671E-01	9.566E-01	9.538E-01	9.398E-01	9.631E-01	9.370E-01	9.514E-01	9.717E-01	9.535E-01	9.482E-01	9.636E-01	9.348E-01	9.602E-01	9.606E-01	9.641E-01	9.156E-01	9.230E-01	9.449E-01	9.687E-01	9.545E-01	9.493E-01	9.188E-01	9.470E-01	9.546E-01	9.265E-01	9.477E-01	9.673E-01	9.441E-01	9.334E-01	9.651E-01	9.606E-01	9.376E-01	9.786E-01	9.493E-01	9.151E-01	0.000E+00	0.000E+00	0.000E+00	0.000E+00	0.000E+00	
 1.350	0.000E+00	0.000E+00	0.000E+00	0.000E+00	0.000E+00	9.691E-01	9.441E-01	9.789E-01	9.421E-01	9.325E-01	9.704E-01	9.513E-01	9.199E-01	9.665E-01	9.566E-01	9.606E-01	9.489E-01	9.553E-01	9.600E-01	9.348E-01	9.655E-01	9.241E-01	9.137E-01	9.451E-01	9.625E-01	9.447E-01	9.165E-01	9.541E-01	9.593E-01	9.508E-01	9.481E-01	9.411E-01	9.713E-01	9.189E-01	9.516E-01	9.359E-01	9.589E-01	9.524E-01	9.507E-01	9.572E-01	9.499E-01	9.537E-01	9.311E-01	9.342E-01	9.495E-01	9.409E-01	9.502E-01	9.682E-01	9.614E-01	9.328E-01	9.431E-01	9.500E-01	9.537E-01	9.426E-01	9.483E-01	0.000E+00	0.000E+00	0.000E+00	0.000E+00	0.000E+00	
 1.450	0.000E+00	0.000E+00	0.000E+00	0.000E+00	0.000E+00	9.417E-01	9.729E-01	9.593E-01	9.288E-01	9.429E-01	9.809E-01	9.728E-01	9.695E-01	9.551E-01	9.331E-01	9.556E-01	9.777E-01	9.491E-01	9.215E-01	9.494E-01	9.214E-01	9.567E-01	9.539E-01	9.322E-01	9.335E-01	9.314E-01	9.526E-01	9.398E-01	9.495E-01	9.563E-01	9.650E-01	9.591E-01	9.735E-01	9.619E-01	9.588E-01	9.563E-01	9.297E-01	9.687E-01	9.404E-01	9.534E-01	9.477E-01	9.274E-01	9.389E-01	9.511E-01	9.252E-01	9.778E-01	9.358E-01	9.770E-01	9.475E-01	9.673E-01	9.365E-01	9.354E-01	9.483E-01	9.535E-01	9.599E-01	0.000E+00	0.000E+00	0.000E+00	0.000E+00	0.000E+00	
 1.550	0.000E+00	0.000E+00	0.000E+00	0.000E+00	0.000E+00	9.416E-01	9.399E-01	9.574E-01	9.440E-01	9.682E-01	9.471E-01	9.688E-01	9.574E-01	9.358E-01	9.582E-01	9.281E-01	9.412E-01	9.662E-01	9.806E-01	9.298E-01	9.333E-01	9.512E-01	9.586E-01	9.493E-01	9.351E-01	9.453E-01	9.345E-01	9.693E-01	9.262E-01	9.549E-01	9.579E-01	9.549E-01	9.493E-01	9.662E-01	9.681E-01	9.495E-01	9.422E-01	9.423E-01	9.478E-01	9.564E-01	9.590E-01	9.554E-01	9.505E-01	9.824E-01	9.472E-01	9.398E-01	9.609E-01	9.364E-01	9.709E-01	9.765E-01	9.910E-01	9.633E-01	9.448E-01	9.564E-01	9.615E-01	0.000E+00	0.000E+00	0.000E+00	0.000E+00	0.000E+00	
 1.650	0.000E+00	0.000E+00	0.000E+00	0.000E+00	0.000E+00	9.452E-01	9.559E-01	9.599E-01	9.524E-01	9.478E-01	9.548E-01	9.314E-01	9.592E-01	9.668E-01	9.698E-01	9.472E-01	9.369E-01	9.481E-01	9.457E-01	9.560E-01	9.569E-01	9.381E-01	9.596E-01	9.521E-01	9.684E-01	9.609E-01	9.371E-01	9.577E-01	9.290E-01	9.267E-01	9.537E-01	9.229E-01	9.647E-01	9.729E-01	9.636E-01	9.406E-01	9.641E-01	9.689E-01	9.358E-01	9.540E-01	9.267E-01	9.547E-01	9.577E-01	9.689E-01	9.741E-01	9.558E-01	9.567E-01	9.471E-01	9.691E-01	9.541E-01	9.492E-01	9.296E-01	9.592E-01	9.480E-01	9.517E-01	0.000E+00	0.000E+00	0.000E+00	0.000E+00	0.000E+00	
 1.750	0.000E+00	0.000E+00	0.000E+00	0.000E+00	0.000E+00	9.523E-01	9.363E-01	9.484E-01	9.592E-01	9.262E-01	9.515E-01	9.541E-01	9.408E-01	9.375E-01	9.482E-01	9.313E-01	9.469E-01	9.541E-01	9.657E-01	9.677E-01	9.458E-01	9.522E-01	9.411E-01	9.339E-01	9.487E-01	9.618E-01	9.599E-01	9.394E-01	9.472E-01	9.551E-01	9.309E-01	9.389E-01	9.439E-01	9.443E-01	9.530E-01	9.611E-01	9.375E-01	9.660E-01	9.445E-01	9.646E-01	9.434E-01	9.401E-01	9.667E-01	9.683E-01	9.647E-01	9.766E-01	9.554E-01	9.618E-01	9.669E-01	9.331E-01	9.510E-01	9.632E-01	9.426E-01	9.311E-01	9.343E-01	0.000E+00	0.000E+00	0.000E+00	0.000E+00	0.000E+00	
 1.850	0.000E+00	0.000E+00	0.000E+00	0.000E+00	0.000E+00	9.296E-01	9.737E-01	9.285E-01	9.642E-01	9.594E-01	9.598E-01	9.598E-01	9.649E-01	9.732E-01	9.726E-01	9.789E-01	9.649E-01	9.616E-01	9.532E-01	9.783E-01	9.508E-01	9.486E-01	9.618E-01	9.414E-01	9.441E-01	9.798E-01	9.564E-01	9.339E-01	9.632E-01	9.319E-01	9.474E-01	9.412E-01	9.389E-01	9.560E-01	9.493E-01	9.480E-01	9.298E-01	9.213E-01	9.515E-01	9.434E-01	9.645E-01	9.429E-01	9.390E-01	9.481E-01	9.532E-01	9.504E-01	9.131E-01	9.576E-01	9.279E-01	9.367E-01	9.219E-01	9.732E-01	9.397E-01	9.508E-01	9.441E-01	0.000E+00	0.000E+00	0.000E+00	0.000E+00	0.000E+00	
 1.950	0.000E+00	0.000E+00	0.000E+00	0.000E+00	0.000E+00	9.728E-01	9.372E-01	9.773E-01	9.603E-01	9.716E-01	9.326E-01	9.378E-01	9.459E-01	9.503E-01	9.465E-01	9.403E-01	9.452E-01	9.551E-01	9.565E-01	9.434E-01	9.639E-01	9.731E-01	9.191E-01	9.581E-01	9.420E-01	9.735E-01	9.551E-01	9.362E-01	9.354E-01	9.352E-01	9.342E-01	9.630E-01	9.455E-01	9.281E-01	9.219E-01	9.749E-01	9.491E-01	9.471E-01	9.306E-01	9.439E-01	9.464E-01	9.394E-01	9.378E-01	9.635E-01	9.056E-01	9.599E-01	9.648E-01	9.505E-01	9.297E-01	9.508E-01	9.459E-01	9.146E-01	9.434E-01	9.685E-01	9.681E-01	0.000E+00	0.000E+00	0.000E+00	0.000E+00	0.000E+00	
 2.050	0.000E+00	0.000E+00	0.000E+00	0.000E+00	0.000E+00	9.162E-01	9.546E-01	9.396E-01	9.432E-01	9.668E-01	9.640E-01	9.297E-01	9.424E-01	9.240E-01	9.411E-01	9.642E-01	9.549E-01	9.508E-01	9.208E-01	9.389E-01	9.584E-01	8.988E-01	9.367E-01	9.326E-01	9.538E-01	9.435E-01	9.502E-01	9.723E-01	9.512E-01	9.508E-01	9.755E-01	9.513E-01	9.613E-01	9.610E-01	9.752E-01	9.582E-01	9.340E-01	9.502E-01	9.253E-01	9.302E-01	9.634E-01	9.483E-01	9.474E-01	9.112E-01	9.594E-01	9.338E-01	9.593E-01	9.627E-01	9.448E-01	9.487E-01	9.782E-01	9.402E-01	9.551E-01	9.683E-01	9.562E-01	0.000E+00	0.000E+00	0.000E+00	0.000E+00	0.000E+00	
 2.150	0.000E+00	0.000E+00	0.000E+00	0.000E+00	0.000E+00	9.629E-01	9.604E-01	9.548E-01	9.518E-01	9.454E-01	9.281E-01	9.452E-01	9.482E-01	9.355E-01	9.557E-01	9.530E-01	9.392E-01	9.314E-01	9.550E-01	9.585E-01	9.574E-01	9.445E-01	9.479E-01	9.592E-01	9.515E-01	9.464E-01	9.404E-01	9.602E-01	9.611E-01	9.643E-01	9.625E-01	9.335E-01	9.697E-01	9.472E-01	9.435E-01	9.599E-01	9.529E-01	9.515E-01	9.520E-01	9.390E-01	9.507E-01	9.608E-01	9.454E-01	9.400E-01	9.540E-01	9.645E-01	9.223E-01	9.154E-01	9.519E-01	9.557E-01	9.164E-01	9.432E-01	9.722E-01	9.417E-01	9.666E-01	0.000E+00	0.000E+00	0.000E+00	0.000E+00	0.000E+00	
 2.250	0.000E+00	0.000E+00	0.000E+00	0.000E+00	0.000E+00	9.393E-01	9.261E-01	9.809E-01	9.432E-01	9.269E-01	9.402E-01	9.734E-01	9.633E-01	9.682E-01	9.322E-01	9.542E-01	9.430E-01	9.661E-01	9.504E-01	9.558E-01	9.545E-01	9.574E-01	9.550E-01	9.528E-01	9.365E-01	9.635E-01	9.489E-01	9.329E-01	9.336E-01	9.489E-01	9.472E-01	9.514E-01	9.608E-01	9.676E-01	9.506E-01	9.609E-01	9.599E-01	9.750E-01	9.151E-01	9.641E-01	9.460E-01	9.527E-01	9.439E-01	9.382E-01	9.608E-01	9.561E-01	9.447E-01	9.220E-01	9.687E-01	9.768E-01	9.436E-01	9.478E-01	9.330E-01	9.345E-01	9.746E-01	0.000E+00	0.000E+00	0.000E+00	0.000E+00	0.000E+00	
 2.350	0.000E+00	0.000E+00	0.000E+00	0.000E+00	9.625E-01	9.617E-01	9.416E-01	9.595E-01	9.250E-01	9.640E-01	9.605E-01	9.274E-01	9.490E-01	9.655E-01	9.345E-01	9.122E-01	9.576E-01	9.547E-01	9.415E-01	9.721E-01	9.498E-01	9.776E-01	9.345E-01	9.609E-01	9.437E-01	9.534E-01	9.444E-01	9.515E-01	9.355E-01	9.562E-01	9.404E-01	9.647E-01	9.514E-01	9.010E-01	9.210E-01	9.657E-01	9.534E-01	9.494E-01	9.458E-01	9.592E-01	9.311E-01	9.473E-01	9.473E-01	9.537E-01	9.724E-01	9.612E-01	9.577E-01	9.689E-01	9.355E-01	9.339E-01	9.344E-01	9.549E-01	9.631E-01	9.166E-01	9.387E-01	0.000E+00	0.000E+00	0.000E+00	0.000E+00	0.000E+00	
 2.450	0.000E+00	0.000E+00	0.000E+00	0.000E+00	0.000E+00	9.524E-01	9.620E-01	9.360E-01	9.171E-01	9.644E-01	9.352E-01	9.785E-01	9.864E-01	9.461E-01	9.635E-01	9.746E-01	9.656E-01	9.598E-01	9.454E-01	9.586E-01	9.534E-01	9.600E-01	9.659E-01	9.508E-01	9.537E-01	9.233E-01	9.420E-01	9.417E-01	9.353E-01	9.732E-01	9.555E-01	9.340E-01	9.462E-01	9.554E-01	9.593E-01	9.559E-01	9.429E-01	9.408E-01	9.554E-01	9.567E-01	9.589E-01	9.325E-01	9.564E-01	9.248E-01	9.632E-01	9.412E-01	9.539E-01	9.531E-01	9.642E-01	9.500E-01	9.578E-01	9.272E-01	9.369E-01	9.527E-01	9.554E-01	0.000E+00	0.000E+00	0.000E+00	0.000E+00	0.000E+00	
 2.550	0.000E+00	0.000E+00	0.000E+00	0.000E+00	0.000E+00	0.000E+00	0.000E+00	0.000E+00	0.000E+00	0.000E+00	0.000E+00	-3.976E-01	0.000E+00	0.000E+00	0.000E+00	0.000E+00	0.000E+00	0.000E+00	0.000E+00	0.000E+00	0.000E+00	0.000E+00	0.000E+00	9.914E-01	0.000E+00	0.000E+00	0.000E+00	0.000E+00	0.000E+00	0.000E+00	0.000E+00	0.000E+00	0.000E+00	0.000E+00	0.000E+00	0.000E+00	0.000E+00	0.000E+00	0.000E+00	0.000E+00	0.000E+00	0.000E+00	0.000E+00	0.000E+00	0.000E+00	0.000E+00	0.000E+00	0.000E+00	0.000E+00	0.000E+00	0.000E+00	0.000E+00	0.000E+00	0.000E+00	0.000E+00	0.000E+00	0.000E+00	0.000E+00	0.000E+00	0.000E+00	
 2.650	0.000E+00	0.000E+00	0.000E+00	0.000E+00	0.000E+00	0.000E+00	0.000E+00	0.000E+00	0.000E+00	0.000E+00	0.000E+00	0.000E+00	0.000E+00	0.000E+00	0.000E+00	0.000E+00	0.000E+00	0.000E+00	0.000E+00	0.000E+00	0.000E+00	0.000E+00	0.000E+00	0.000E+00	0.000E+00	0.000E+00	0.000E+00	0.000E+00	0.000E+00	0.000E+00	0.000E+00	0.000E+00	0.000E+00	0.000E+00	0.000E+00	0.000E+00	0.000E+00	0.000E+00	0.000E+00	0.000E+00	0.000E+00	0.000E+00	0.000E+00	0.000E+00	0.000E+00	0.000E+00	0.000E+00	0.000E+00	0.000E+00	0.000E+00	0.000E+00	0.000E+00	0.000E+00	0.000E+00	0.000E+00	0.000E+00	0.000E+00	0.000E+00	0.000E+00	0.000E+00	
 2.750	0.000E+00	0.000E+00	0.000E+00	0.000E+00	0.000E+00	0.000E+00	0.000E+00	0.000E+00	0.000E+00	0.000E+00	0.000E+00	0.000E+00	0.000E+00	0.000E+00	0.000E+00	0.000E+00	0.000E+00	0.000E+00	0.000E+00	0.000E+00	0.000E+00	0.000E+00	0.000E+00	0.000E+00	0.000E+00	0.000E+00	0.000E+00	0.000E+00	0.000E+00	0.000E+00	0.000E+00	0.000E+00	0.000E+00	0.000E+00	0.000E+00	0.000E+00	0.000E+00	0.000E+00	0.000E+00	0.000E+00	0.000E+00	0.000E+00	0.000E+00	0.000E+00	0.000E+00	0.000E+00	0.000E+00	0.000E+00	0.000E+00	0.000E+00	0.000E+00	0.000E+00	0.000E+00	0.000E+00	0.000E+00	0.000E+00	0.000E+00	0.000E+00	0.000E+00	0.000E+00	
 2.850	0.000E+00	0.000E+00	0.000E+00	0.000E+00	0.000E+00	0.000E+00	0.000E+00	0.000E+00	0.000E+00	0.000E+00	0.000E+00	0.000E+00	0.000E+00	0.000E+00	0.000E+00	0.000E+00	0.000E+00	0.000E+00	0.000E+00	0.000E+00	0.000E+00	0.000E+00	0.000E+00	0.000E+00	0.000E+00	0.000E+00	0.000E+00	0.000E+00	0.000E+00	0.000E+00	0.000E+00	0.000E+00	0.000E+00	0.000E+00	0.000E+00	0.000E+00	0.000E+00	0.000E+00	0.000E+00	0.000E+00	0.000E+00	0.000E+00	0.000E+00	0.000E+00	0.000E+00	0.000E+00	0.000E+00	0.000E+00	0.000E+00	0.000E+00	0.000E+00	0.000E+00	0.000E+00	0.000E+00	0.000E+00	0.000E+00	0.000E+00	0.000E+00	0.000E+00	0.000E+00	
 2.950	0.000E+00	0.000E+00	0.000E+00	0.000E+00	0.000E+00	0.000E+00	0.000E+00	0.000E+00	0.000E+00	0.000E+00	0.000E+00	0.000E+00	0.000E+00	0.000E+00	0.000E+00	0.000E+00	0.000E+00	0.000E+00	0.000E+00	0.000E+00	0.000E+00	0.000E+00	0.000E+00	0.000E+00	0.000E+00	0.000E+00	0.000E+00	0.000E+00	0.000E+00	0.000E+00	0.000E+00	0.000E+00	0.000E+00	0.000E+00	0.000E+00	0.000E+00	0.000E+00	0.000E+00	0.000E+00	0.000E+00	0.000E+00	0.000E+00	0.000E+00	0.000E+00	0.000E+00	0.000E+00	0.000E+00	0.000E+00	0.000E+00	0.000E+00	0.000E+00	0.000E+00	0.000E+00	0.000E+00	0.000E+00	0.000E+00	0.000E+00	0.000E+00	0.000E+00	0.000E+00	