 3.0020000E+000	 0.0000000E+000 	 0.0000000E+000 
 3.0060000E+000	 0.0000000E+000 	 0.0000000E+000 
 3.0100000E+000	 0.0000000E+000 	 0.0000000E+000 
 3.0140000E+000	 0.0000000E+000 	 0.0000000E+000 
 3.0180000E+000	 0.0000000E+000 	 0.0000000E+000 
 3.0220000E+000	 0.0000000E+000 	 0.0000000E+000 
 3.0260000E+000	 0.0000000E+000 	 0.0000000E+000 
 3.0300000E+000	 0.0000000E+000 	 0.0000000E+000 
 3.0340000E+000	 0.0000000E+000 	 0.0000000E+000 
 3.0380000E+000	 0.0000000E+000 	 0.0000000E+000 
 3.0420000E+000	 0.0000000E+000 	 0.0000000E+000 
 3.0460000E+000	 0.0000000E+000 	 0.0000000E+000 
 3.0500000E+000	 0.0000000E+000 	 0.0000000E+000 
 3.0540000E+000	 0.0000000E+000 	 0.0000000E+000 
 3.0580000E+000	 0.0000000E+000 	 0.0000000E+000 
 3.0620000E+000	 0.0000000E+000 	 0.0000000E+000 
 3.0660000E+000	 0.0000000E+000 	 0.0000000E+000 
 3.0700000E+000	 0.0000000E+000 	 0.0000000E+000 
 3.0740000E+000	 0.0000000E+000 	 0.0000000E+000 
 3.0780000E+000	 2.7347814E+003 	 8.2456761E+002 
 3.0820000E+000	 3.0774964E+004 	 2.6585520E+003 
 3.0860000E+000	 5.6587114E+004 	 3.3999902E+003 
 3.0900000E+000	 7.2200662E+004 	 3.5570713E+003 
 3.0940000E+000	 8.8144591E+004 	 3.6855105E+003 
 3.0980000E+000	 1.0487753E+005 	 3.7552180E+003 
 3.1020000E+000	 9.9659266E+004 	 3.4529889E+003 
 3.1060000E+000	 1.0429853E+005 	 3.3838912E+003 
 3.1100000E+000	 1.1240550E+005 	 3.3497962E+003 
 3.1140000E+000	 1.1748608E+005 	 3.2584776E+003 
 3.1180000E+000	 1.1710097E+005 	 3.1196436E+003 
 3.1220000E+000	 1.2932042E+005 	 3.1730892E+003 
 3.1260000E+000	 1.2112271E+005 	 2.8904357E+003 
 3.1300000E+000	 1.2104386E+005 	 2.7872242E+003 
 3.1340000E+000	 1.2066980E+005 	 2.7242634E+003 
 3.1380000E+000	 1.2468337E+005 	 2.6952660E+003 
 3.1420000E+000	 1.2964007E+005 	 2.6776909E+003 
 3.1460000E+000	 1.2893245E+005 	 2.6285390E+003 
 3.1500000E+000	 1.2971154E+005 	 2.5297832E+003 
 3.1540000E+000	 1.3056926E+005 	 2.5049331E+003 
 3.1580000E+000	 1.2800609E+005 	 2.3790652E+003 
 3.1620000E+000	 1.2838677E+005 	 2.3385607E+003 
 3.1660000E+000	 1.1757371E+005 	 2.0895597E+003 
 3.1700000E+000	 1.2766080E+005 	 2.2149184E+003 
 3.1740000E+000	 1.2427190E+005 	 2.0863209E+003 
 3.1780000E+000	 1.1914247E+005 	 2.0030310E+003 
 3.1820000E+000	 1.3271682E+005 	 2.1597823E+003 
 3.1860000E+000	 1.2580546E+005 	 2.0392248E+003 
 3.1900000E+000	 1.2515473E+005 	 1.9764011E+003 
 3.1940000E+000	 1.2284357E+005 	 1.9073617E+003 
 3.1980000E+000	 1.2814444E+005 	 1.9505588E+003 
 3.2020000E+000	 1.3305690E+005 	 1.9852606E+003 
 3.2060000E+000	 1.2167511E+005 	 1.7602676E+003 
 3.2100000E+000	 1.2890359E+005 	 1.8574698E+003 
 3.2140000E+000	 1.2427280E+005 	 1.7711737E+003 
 3.2180000E+000	 1.2143905E+005 	 1.7110882E+003 
 3.2220000E+000	 1.2948164E+005 	 1.7876976E+003 
 3.2260000E+000	 1.2145191E+005 	 1.6498512E+003 
 3.2300000E+000	 1.2035215E+005 	 1.6335557E+003 
 3.2340000E+000	 1.2603104E+005 	 1.6831089E+003 
 3.2380000E+000	 1.2070387E+005 	 1.5876592E+003 
 3.2420000E+000	 1.1765582E+005 	 1.5304519E+003 
 3.2460000E+000	 1.2134998E+005 	 1.5619427E+003 
 3.2500000E+000	 1.2584170E+005 	 1.5855822E+003 
 3.2540000E+000	 1.3001150E+005 	 1.6082700E+003 
 3.2580000E+000	 1.1978919E+005 	 1.4836352E+003 
 3.2620000E+000	 1.2220657E+005 	 1.5125317E+003 
 3.2660000E+000	 1.2286607E+005 	 1.4968093E+003 
 3.2700000E+000	 1.2140587E+005 	 1.4618728E+003 
 3.2740000E+000	 1.2064232E+005 	 1.4208956E+003 
 3.2780000E+000	 1.2127744E+005 	 1.4261028E+003 
 3.2820000E+000	 1.0375089E+005 	 1.2227159E+003 
 3.2860000E+000	 8.0621810E+004 	 9.4026397E+002 
 3.2900000E+000	 5.8957949E+004 	 6.9247376E+002 
 3.2940000E+000	 4.7896386E+004 	 5.6170162E+002 
 3.2980000E+000	 3.8703706E+004 	 4.4995185E+002 
 3.3020000E+000	 3.0973884E+004 	 3.6227385E+002 
 3.3060000E+000	 2.4672248E+004 	 2.9286759E+002 
 3.3100000E+000	 2.1821083E+004 	 2.5515191E+002 
 3.3140000E+000	 1.7057150E+004 	 2.0182090E+002 
 3.3180000E+000	 1.5493235E+004 	 1.8169586E+002 
 3.3220000E+000	 1.2756278E+004 	 1.4919878E+002 
 3.3260000E+000	 1.1825959E+004 	 1.3863095E+002 
 3.3300000E+000	 9.6068075E+003 	 1.1240838E+002 
 3.3340000E+000	 8.7192874E+003 	 1.0152443E+002 
 3.3380000E+000	 7.9708433E+003 	 9.2778355E+001 
 3.3420000E+000	 7.0319872E+003 	 8.2901555E+001 
 3.3460000E+000	 6.6165443E+003 	 7.6127705E+001 
 3.3500000E+000	 5.8788692E+003 	 6.8623894E+001 
 3.3540000E+000	 5.4413394E+003 	 6.4108994E+001 
 3.3580000E+000	 5.0207765E+003 	 5.9096594E+001 
 3.3620000E+000	 4.7728881E+003 	 5.5873912E+001 
 3.3660000E+000	 4.4637411E+003 	 5.2366229E+001 
 3.3700000E+000	 4.1243871E+003 	 4.8408432E+001 
 3.3740000E+000	 3.8829578E+003 	 4.5599881E+001 
 3.3780000E+000	 3.6710646E+003 	 4.3236896E+001 
 3.3820000E+000	 3.5470731E+003 	 4.1278537E+001 
 3.3860000E+000	 3.3933111E+003 	 3.9868919E+001 
 3.3900000E+000	 3.2284197E+003 	 3.7798741E+001 
 3.3940000E+000	 3.0733225E+003 	 3.6166748E+001 
 3.3980000E+000	 2.9548386E+003 	 3.4465938E+001 
