-9.703485   6.767330e-006   2.557810e-006
-9.310377   2.063078e-004   3.970395e-005
-8.917270   1.289957e-004   1.842796e-005
-8.524163   3.488387e-004   4.028043e-005
-8.131055   4.999086e-004   4.788256e-005
-7.737948   4.877107e-004   4.671422e-005
-7.344840   6.504436e-004   6.230120e-005
-6.951733   6.940322e-004   6.335618e-005
-6.558626   6.908544e-004   6.774385e-005
-6.165518   1.047423e-003   9.406139e-005
-5.772411   1.009666e-003   9.948539e-005
-5.379304   1.279490e-003   1.198352e-004
-4.986196   2.207985e-003   2.041283e-004
-4.593089   2.078451e-003   1.990795e-004
-4.199982   3.005235e-003   2.625686e-004
-3.806874   5.825578e-003   5.089831e-004
-3.413767   3.447578e-003   2.924198e-004
-3.020660   5.729497e-003   5.230292e-004
-2.627552   6.826812e-003   6.538900e-004
-2.234445   1.761298e-002   1.478049e-003
-1.841337   3.668005e-002   3.004947e-003
-1.448230   4.273446e-002   3.837668e-003
-1.055123   5.563173e-002   4.805850e-003
-0.662015   8.249503e-002   7.626668e-003
-0.268908   3.548625e-002   3.719970e-003
0.124199   7.797860e-002   9.526602e-003
0.517307   5.506348e-002   8.397102e-003
0.910414   2.727321e-002   4.898412e-003
1.303521   7.102380e-007   5.022141e-007
1.696629   0.000000e+000   0.000000e+000
2.089736   0.000000e+000   0.000000e+000
2.482844   0.000000e+000   0.000000e+000
2.875951   0.000000e+000   0.000000e+000
3.269058   0.000000e+000   0.000000e+000
3.662166   0.000000e+000   0.000000e+000
4.055273   0.000000e+000   0.000000e+000
4.448380   0.000000e+000   0.000000e+000
4.841488   0.000000e+000   0.000000e+000
5.234595   0.000000e+000   0.000000e+000
5.627702   0.000000e+000   0.000000e+000
6.020810   0.000000e+000   0.000000e+000
6.413917   0.000000e+000   0.000000e+000
6.807024   0.000000e+000   0.000000e+000
7.200132   0.000000e+000   0.000000e+000
7.593239   0.000000e+000   0.000000e+000
7.986347   0.000000e+000   0.000000e+000
8.379454   0.000000e+000   0.000000e+000
8.772561   0.000000e+000   0.000000e+000
9.165669   0.000000e+000   0.000000e+000
9.558776   0.000000e+000   0.000000e+000
9.951883   0.000000e+000   0.000000e+000
10.344991   0.000000e+000   0.000000e+000
10.738098   0.000000e+000   0.000000e+000
11.131205   0.000000e+000   0.000000e+000
11.524313   0.000000e+000   0.000000e+000
11.917420   0.000000e+000   0.000000e+000
12.310527   0.000000e+000   0.000000e+000
12.703635   0.000000e+000   0.000000e+000
13.096742   0.000000e+000   0.000000e+000
13.489850   0.000000e+000   0.000000e+000
13.882957   0.000000e+000   0.000000e+000
14.276064   0.000000e+000   0.000000e+000
14.669172   0.000000e+000   0.000000e+000
15.062279   0.000000e+000   0.000000e+000
15.455386   0.000000e+000   0.000000e+000
15.848494   0.000000e+000   0.000000e+000
16.241601   0.000000e+000   0.000000e+000
16.634708   0.000000e+000   0.000000e+000
17.027816   0.000000e+000   0.000000e+000
17.420923   0.000000e+000   0.000000e+000
17.814030   0.000000e+000   0.000000e+000
18.207138   0.000000e+000   0.000000e+000
18.600245   0.000000e+000   0.000000e+000
18.993353   0.000000e+000   0.000000e+000
19.386460   0.000000e+000   0.000000e+000
