 3.7002500E+000	 0.0000000E+000 	 0.0000000E+000 
 3.7007500E+000	 0.0000000E+000 	 0.0000000E+000 
 3.7012500E+000	 0.0000000E+000 	 0.0000000E+000 
 3.7017500E+000	 0.0000000E+000 	 0.0000000E+000 
 3.7022500E+000	 0.0000000E+000 	 0.0000000E+000 
 3.7027500E+000	 0.0000000E+000 	 0.0000000E+000 
 3.7032500E+000	 0.0000000E+000 	 0.0000000E+000 
 3.7037500E+000	 0.0000000E+000 	 0.0000000E+000 
 3.7042500E+000	 0.0000000E+000 	 0.0000000E+000 
 3.7047500E+000	 0.0000000E+000 	 0.0000000E+000 
 3.7052500E+000	 0.0000000E+000 	 0.0000000E+000 
 3.7057500E+000	 0.0000000E+000 	 0.0000000E+000 
 3.7062500E+000	 0.0000000E+000 	 0.0000000E+000 
 3.7067500E+000	 0.0000000E+000 	 0.0000000E+000 
 3.7072500E+000	 0.0000000E+000 	 0.0000000E+000 
 3.7077500E+000	 0.0000000E+000 	 0.0000000E+000 
 3.7082500E+000	 0.0000000E+000 	 0.0000000E+000 
 3.7087500E+000	 0.0000000E+000 	 0.0000000E+000 
 3.7092500E+000	 0.0000000E+000 	 0.0000000E+000 
 3.7097500E+000	 0.0000000E+000 	 0.0000000E+000 
 3.7102500E+000	 0.0000000E+000 	 0.0000000E+000 
 3.7107500E+000	 0.0000000E+000 	 0.0000000E+000 
 3.7112500E+000	 0.0000000E+000 	 0.0000000E+000 
 3.7117500E+000	 0.0000000E+000 	 0.0000000E+000 
 3.7122500E+000	 0.0000000E+000 	 0.0000000E+000 
 3.7127500E+000	 0.0000000E+000 	 0.0000000E+000 
 3.7132500E+000	 6.9895505E-001 	 6.9895505E-001 
 3.7137500E+000	 1.4241848E+000 	 1.0070508E+000 
 3.7142500E+000	 6.9626721E-001 	 6.9626721E-001 
 3.7147500E+000	 2.2245858E+000 	 1.2843652E+000 
 3.7152500E+000	 3.0536730E+000 	 1.5268365E+000 
 3.7157500E+000	 2.0456126E+000 	 1.1810350E+000 
 3.7162500E+000	 3.8911766E+000 	 1.9455883E+000 
 3.7167500E+000	 3.0440153E+000 	 1.5220077E+000 
 3.7172500E+000	 1.2391199E+001 	 3.1993938E+000 
 3.7177500E+000	 9.2087128E+000 	 2.6583264E+000 
 3.7182500E+000	 1.2495323E+001 	 3.3395156E+000 
 3.7187500E+000	 9.6523433E+000 	 2.7863915E+000 
 3.7192500E+000	 1.7195407E+001 	 3.9448969E+000 
 3.7197500E+000	 1.8395258E+001 	 4.0141744E+000 
 3.7202500E+000	 3.5504627E+001 	 6.0013774E+000 
 3.7207500E+000	 2.3215557E+001 	 4.6431114E+000 
 3.7212500E+000	 3.9529094E+001 	 6.0994717E+000 
 3.7217500E+000	 3.9467660E+001 	 5.9499737E+000 
 3.7222500E+000	 3.1771559E+001 	 5.3703737E+000 
 3.7227500E+000	 4.5217277E+001 	 6.6669238E+000 
 3.7232500E+000	 5.2582597E+001 	 7.3630363E+000 
 3.7237500E+000	 6.0900083E+001 	 8.0664130E+000 
 3.7242500E+000	 7.4902631E+001 	 9.3628288E+000 
 3.7247500E+000	 7.5730140E+001 	 9.5411008E+000 
 3.7252500E+000	 8.1558248E+001 	 9.8903903E+000 
 3.7257500E+000	 9.4407912E+001 	 1.0758780E+001 
 3.7262500E+000	 8.6247734E+001 	 9.8932936E+000 
 3.7267500E+000	 1.0633612E+002 	 1.1815124E+001 
 3.7272500E+000	 1.1867544E+002 	 1.3352031E+001 
 3.7277500E+000	 1.1893808E+002 	 1.3643134E+001 
 3.7282500E+000	 1.8057568E+002 	 1.9359745E+001 
 3.7287500E+000	 1.6818856E+002 	 1.8922692E+001 
 3.7292500E+000	 1.8359504E+002 	 1.9913678E+001 
 3.7297500E+000	 2.1990822E+002 	 2.2562107E+001 
 3.7302500E+000	 3.1168203E+002 	 3.2854171E+001 
 3.7307500E+000	 3.6411432E+002 	 3.9728129E+001 
 3.7312500E+000	 2.6212100E+002 	 2.9679359E+001 
 3.7317500E+000	 2.6611402E+002 	 2.9752452E+001 
 3.7322500E+000	 3.0626377E+002 	 3.2647828E+001 
 3.7327500E+000	 4.1584085E+002 	 4.4079042E+001 
 3.7332500E+000	 6.6018032E+002 	 6.0774525E+001 
 3.7337500E+000	 8.3802660E+002 	 7.8488383E+001 
 3.7342500E+000	 8.9377004E+002 	 9.0284408E+001 
 3.7347500E+000	 9.6592677E+002 	 9.9627739E+001 
 3.7352500E+000	 1.4220247E+003 	 1.3877540E+002 
 3.7357500E+000	 1.3442623E+003 	 1.3375909E+002 
 3.7362500E+000	 1.2002181E+003 	 1.2124034E+002 
 3.7367500E+000	 1.2291543E+003 	 1.2677759E+002 
 3.7372500E+000	 2.1506445E+003 	 2.0988141E+002 
 3.7377500E+000	 1.6891171E+003 	 1.9004052E+002 
 3.7382500E+000	 1.3612600E+003 	 1.5718477E+002 
 3.7387500E+000	 1.7664654E+003 	 1.9507347E+002 
 3.7392500E+000	 1.2919997E+003 	 1.5553848E+002 
 3.7397500E+000	 1.8966908E+003 	 2.0572500E+002 
 3.7402500E+000	 3.1543454E+003 	 3.2193903E+002 
 3.7407500E+000	 2.3181087E+003 	 2.6247412E+002 
 3.7412500E+000	 2.6472713E+003 	 3.0366285E+002 
 3.7417500E+000	 4.3568653E+003 	 4.2929470E+002 
 3.7422500E+000	 4.0277639E+003 	 4.0277639E+002 
 3.7427500E+000	 2.8671327E+003 	 3.2674010E+002 
 3.7432500E+000	 5.7475355E+003 	 6.3861506E+002 
 3.7437500E+000	 3.3109498E+003 	 4.1714047E+002 
 3.7442500E+000	 3.5090475E+003 	 4.3524377E+002 
 3.7447500E+000	 4.7887006E+003 	 5.8071525E+002 
 3.7452500E+000	 3.0250737E+003 	 4.4125235E+002 
 3.7457500E+000	 3.3155045E+003 	 4.5541957E+002 
 3.7462500E+000	 2.9194210E+003 	 4.5047644E+002 
 3.7467500E+000	 2.7321933E+003 	 4.6182496E+002 
 3.7472500E+000	 3.1584039E+003 	 4.7082706E+002 
 3.7477500E+000	 2.9486664E+003 	 4.5498910E+002 
 3.7482500E+000	 2.1801456E+003 	 4.2756174E+002 
 3.7487500E+000	 2.7689999E+003 	 4.8202101E+002 
 3.7492500E+000	 3.3955724E+003 	 5.9109328E+002 
 3.7497500E+000	 2.3943709E+003 	 4.6957477E+002 
 3.7502500E+000	 2.4507774E+003 	 4.8063698E+002 
 3.7507500E+000	 1.7309954E+003 	 3.7773417E+002 
 3.7512500E+000	 1.8733713E+003 	 4.1889856E+002 
 3.7517500E+000	 3.0854289E+003 	 5.9379106E+002 
 3.7522500E+000	 1.7842561E+003 	 5.1507038E+002 
 3.7527500E+000	 1.7742427E+003 	 5.1217974E+002 
 3.7532500E+000	 9.2424596E+002 	 3.2677029E+002 
 3.7537500E+000	 4.5808543E+002 	 3.2391532E+002 
 3.7542500E+000	 9.4805552E+002 	 3.5833131E+002 
 3.7547500E+000	 1.4061551E+003 	 4.6871835E+002 
 3.7552500E+000	 2.1035039E+002 	 2.1035039E+002 
 3.7557500E+000	 8.8013741E+001 	 8.8013741E+001 
 3.7562500E+000	 0.0000000E+000 	 0.0000000E+000 
 3.7567500E+000	 0.0000000E+000 	 0.0000000E+000 
 3.7572500E+000	 0.0000000E+000 	 0.0000000E+000 
 3.7577500E+000	 0.0000000E+000 	 0.0000000E+000 
 3.7582500E+000	 0.0000000E+000 	 0.0000000E+000 
 3.7587500E+000	 0.0000000E+000 	 0.0000000E+000 
 3.7592500E+000	 0.0000000E+000 	 0.0000000E+000 
 3.7597500E+000	 0.0000000E+000 	 0.0000000E+000 
 3.7602500E+000	 0.0000000E+000 	 0.0000000E+000 
 3.7607500E+000	 0.0000000E+000 	 0.0000000E+000 
 3.7612500E+000	 0.0000000E+000 	 0.0000000E+000 
 3.7617500E+000	 0.0000000E+000 	 0.0000000E+000 
 3.7622500E+000	 0.0000000E+000 	 0.0000000E+000 
 3.7627500E+000	 0.0000000E+000 	 0.0000000E+000 
 3.7632500E+000	 0.0000000E+000 	 0.0000000E+000 
 3.7637500E+000	 0.0000000E+000 	 0.0000000E+000 
 3.7642500E+000	 0.0000000E+000 	 0.0000000E+000 
 3.7647500E+000	 0.0000000E+000 	 0.0000000E+000 
 3.7652500E+000	 0.0000000E+000 	 0.0000000E+000 
 3.7657500E+000	 0.0000000E+000 	 0.0000000E+000 
 3.7662500E+000	 0.0000000E+000 	 0.0000000E+000 
 3.7667500E+000	 0.0000000E+000 	 0.0000000E+000 
 3.7672500E+000	 0.0000000E+000 	 0.0000000E+000 
 3.7677500E+000	 0.0000000E+000 	 0.0000000E+000 
 3.7682500E+000	 0.0000000E+000 	 0.0000000E+000 
 3.7687500E+000	 0.0000000E+000 	 0.0000000E+000 
 3.7692500E+000	 0.0000000E+000 	 0.0000000E+000 
 3.7697500E+000	 0.0000000E+000 	 0.0000000E+000 
 3.7702500E+000	 0.0000000E+000 	 0.0000000E+000 
 3.7707500E+000	 0.0000000E+000 	 0.0000000E+000 
 3.7712500E+000	 0.0000000E+000 	 0.0000000E+000 
 3.7717500E+000	 0.0000000E+000 	 0.0000000E+000 
 3.7722500E+000	 0.0000000E+000 	 0.0000000E+000 
 3.7727500E+000	 0.0000000E+000 	 0.0000000E+000 
 3.7732500E+000	 0.0000000E+000 	 0.0000000E+000 
 3.7737500E+000	 0.0000000E+000 	 0.0000000E+000 
 3.7742500E+000	 0.0000000E+000 	 0.0000000E+000 
 3.7747500E+000	 0.0000000E+000 	 0.0000000E+000 
 3.7752500E+000	 0.0000000E+000 	 0.0000000E+000 
 3.7757500E+000	 0.0000000E+000 	 0.0000000E+000 
 3.7762500E+000	 0.0000000E+000 	 0.0000000E+000 
 3.7767500E+000	 0.0000000E+000 	 0.0000000E+000 
 3.7772500E+000	 0.0000000E+000 	 0.0000000E+000 
 3.7777500E+000	 0.0000000E+000 	 0.0000000E+000 
 3.7782500E+000	 0.0000000E+000 	 0.0000000E+000 
 3.7787500E+000	 0.0000000E+000 	 0.0000000E+000 
 3.7792500E+000	 0.0000000E+000 	 0.0000000E+000 
 3.7797500E+000	 0.0000000E+000 	 0.0000000E+000 
 3.7802500E+000	 0.0000000E+000 	 0.0000000E+000 
 3.7807500E+000	 0.0000000E+000 	 0.0000000E+000 
 3.7812500E+000	 0.0000000E+000 	 0.0000000E+000 
 3.7817500E+000	 0.0000000E+000 	 0.0000000E+000 
 3.7822500E+000	 0.0000000E+000 	 0.0000000E+000 
 3.7827500E+000	 0.0000000E+000 	 0.0000000E+000 
 3.7832500E+000	 0.0000000E+000 	 0.0000000E+000 
 3.7837500E+000	 0.0000000E+000 	 0.0000000E+000 
 3.7842500E+000	 0.0000000E+000 	 0.0000000E+000 
 3.7847500E+000	 0.0000000E+000 	 0.0000000E+000 
 3.7852500E+000	 0.0000000E+000 	 0.0000000E+000 
 3.7857500E+000	 0.0000000E+000 	 0.0000000E+000 
 3.7862500E+000	 0.0000000E+000 	 0.0000000E+000 
 3.7867500E+000	 0.0000000E+000 	 0.0000000E+000 
 3.7872500E+000	 0.0000000E+000 	 0.0000000E+000 
 3.7877500E+000	 0.0000000E+000 	 0.0000000E+000 
 3.7882500E+000	 0.0000000E+000 	 0.0000000E+000 
 3.7887500E+000	 0.0000000E+000 	 0.0000000E+000 
 3.7892500E+000	 0.0000000E+000 	 0.0000000E+000 
 3.7897500E+000	 0.0000000E+000 	 0.0000000E+000 
 3.7902500E+000	 0.0000000E+000 	 0.0000000E+000 
 3.7907500E+000	 0.0000000E+000 	 0.0000000E+000 
 3.7912500E+000	 0.0000000E+000 	 0.0000000E+000 
 3.7917500E+000	 0.0000000E+000 	 0.0000000E+000 
 3.7922500E+000	 0.0000000E+000 	 0.0000000E+000 
 3.7927500E+000	 0.0000000E+000 	 0.0000000E+000 
 3.7932500E+000	 0.0000000E+000 	 0.0000000E+000 
 3.7937500E+000	 0.0000000E+000 	 0.0000000E+000 
 3.7942500E+000	 0.0000000E+000 	 0.0000000E+000 
 3.7947500E+000	 0.0000000E+000 	 0.0000000E+000 
 3.7952500E+000	 0.0000000E+000 	 0.0000000E+000 
 3.7957500E+000	 0.0000000E+000 	 0.0000000E+000 
 3.7962500E+000	 0.0000000E+000 	 0.0000000E+000 
 3.7967500E+000	 0.0000000E+000 	 0.0000000E+000 
 3.7972500E+000	 0.0000000E+000 	 0.0000000E+000 
 3.7977500E+000	 0.0000000E+000 	 0.0000000E+000 
 3.7982500E+000	 0.0000000E+000 	 0.0000000E+000 
 3.7987500E+000	 0.0000000E+000 	 0.0000000E+000 
 3.7992500E+000	 0.0000000E+000 	 0.0000000E+000 
 3.7997500E+000	 0.0000000E+000 	 0.0000000E+000 
