 1.0025000	-5.4537615E-06 
 1.0075000	 3.2857237E-06 
 1.0125000	-4.3258090E-06 
 1.0175000	 6.1276604E-06 
 1.0225000	-4.5202665E-06 
 1.0275000	 1.3238943E-05 
 1.0325000	 1.3521606E-05 
 1.0375000	 5.4702700E-06 
 1.0425000	-2.3138717E-05 
 1.0475000	-6.8432297E-06 
 1.0525000	 3.4773758E-05 
 1.0575000	 9.2623699E-06 
 1.0625000	-7.3991679E-06 
 1.0675000	 2.7317355E-06 
 1.0725000	 1.5580713E-05 
 1.0775000	 7.7279553E-06 
 1.0825000	 1.5443623E-06 
 1.0875000	-3.2694872E-05 
 1.0925000	 1.5241214E-05 
 1.0975000	 8.4652321E-06 
 1.1025000	 9.5945586E-06 
 1.1075000	 1.5810451E-05 
 1.1125000	 1.8332297E-05 
 1.1175000	 1.1833264E-05 
 1.1225000	-5.7391043E-06 
 1.1275000	 2.6106412E-05 
 1.1325000	 1.6805021E-05 
 1.1375000	 3.2538863E-05 
 1.1425000	-1.3402405E-05 
 1.1475000	 3.0987744E-06 
 1.1525000	 2.0676465E-05 
 1.1575000	 7.6640150E-06 
 1.1625000	 1.7097114E-05 
 1.1675000	 3.2494940E-06 
 1.1725000	 1.8197398E-05 
 1.1775000	 5.1774745E-06 
 1.1825000	-1.1114892E-05 
 1.1875000	-1.9007553E-05 
 1.1925000	 1.7797492E-05 
 1.1975000	-1.7714296E-05 
 1.2025000	-2.0700341E-05 
 1.2075000	 1.7059730E-06 
 1.2125000	-9.5795521E-06 
 1.2175000	 8.2301773E-06 
 1.2225000	-1.0079230E-05 
 1.2275000	 4.6899793E-06 
 1.2325000	-1.8394658E-05 
 1.2375000	 8.8564164E-06 
 1.2425000	 1.9669146E-05 
 1.2475000	 8.7794475E-06 
 1.2525000	 2.0097397E-05 
 1.2575000	 3.4518721E-07 
 1.2625000	-3.3138890E-05 
 1.2675000	 2.1874286E-05 
 1.2725000	 1.9830334E-05 
 1.2775000	 5.2399360E-05 
 1.2825000	-3.1644472E-05 
 1.2875000	 1.2397030E-06 
 1.2925000	 2.0431320E-05 
 1.2975000	-6.0387920E-06 
 1.3025000	-8.2374030E-06 
 1.3075000	 6.2671359E-06 
 1.3125000	 2.0660304E-05 
 1.3175000	 3.3703771E-05 
 1.3225000	-6.7943621E-06 
 1.3275000	 8.7015455E-06 
 1.3325000	 2.4830079E-05 
 1.3375000	 1.3088008E-05 
 1.3425000	-5.5779206E-06 
 1.3475000	 4.1276881E-06 
 1.3525000	 2.3438244E-05 
 1.3575000	 1.3960328E-05 
 1.3625000	-6.3700146E-06 
 1.3675000	 3.3777794E-05 
 1.3725000	 2.3581300E-05 
 1.3775000	 1.2969241E-05 
 1.3825000	-7.3347337E-06 
 1.3875000	 6.3637570E-06 
 1.3925000	 5.3593239E-05 
 1.3975000	-2.7473074E-05 
 1.4025000	 3.9411287E-05 
 1.4075000	 1.4304811E-05 
 1.4125000	 2.5926812E-05 
 1.4175000	-1.8073202E-05 
 1.4225000	-2.5598496E-05 
 1.4275000	 8.5848721E-06 
 1.4325000	 2.5500939E-05 
 1.4375000	-2.4849025E-05 
 1.4425000	-7.2025621E-06 
 1.4475000	 2.1765600E-05 
 1.4525000	-2.7370256E-05 
 1.4575000	 1.5191473E-05 
 1.4625000	-1.3636494E-05 
 1.4675000	 9.8157306E-06 
 1.4725000	 3.9860696E-05 
 1.4775000	 1.2337280E-05 
 1.4825000	-6.9696683E-06 
 1.4875000	 1.4144526E-06 
 1.4925000	 2.6410573E-05 
 1.4975000	 1.5127266E-05 
 1.5025000	-7.4051404E-06 
 1.5075000	-5.7308510E-05 
 1.5125000	-3.2441170E-05 
 1.5175000	 1.1401881E-05 
 1.5225000	-1.8500064E-05 
 1.5275000	 8.2222554E-06 
 1.5325000	 3.0163638E-05 
 1.5375000	 1.5472443E-05 
 1.5425000	-3.5654891E-05 
 1.5475000	 3.7066008E-05 
 1.5525000	 7.4672357E-05 
 1.5575000	-2.5150774E-05 
 1.5625000	-4.2502031E-07 
 1.5675000	 3.6622300E-05 
 1.5725000	 3.1826829E-05 
 1.5775000	 1.2140639E-04 
 1.5825000	-6.6879674E-06 
 1.5875000	-4.5807777E-05 
 1.5925000	-9.2540001E-05 
 1.5975000	 1.2005575E-05 
 1.6025000	-1.0696847E-05 
 1.6075000	-6.3523094E-05 
 1.6125000	-2.0181496E-05 
 1.6175000	 1.1512751E-05 
 1.6225000	-6.5687835E-06 
 1.6275000	 1.1706417E-05 
 1.6325000	 3.3313265E-05 
 1.6375000	 2.4455070E-05 
 1.6425000	-5.2028945E-06 
 1.6475000	 6.1329504E-05 
 1.6525000	 7.4735107E-05 
 1.6575000	 5.5211156E-05 
 1.6625000	 6.4203531E-05 
 1.6675000	-1.6607418E-05 
 1.6725000	 3.5432972E-05 
 1.6775000	-3.4858510E-05 
 1.6825000	-7.3934743E-06 
 1.6875000	 1.3073469E-05 
 1.6925000	 1.0427109E-05 
 1.6975000	-5.1790860E-05 
 1.7025000	-7.5495887E-06 
 1.7075000	 2.8094589E-05 
 1.7125000	 3.7642904E-05 
 1.7175000	 1.7128239E-05 
 1.7225000	-5.5333862E-05 
 1.7275000	 3.4677864E-05 
 1.7325000	 3.9260159E-05 
 1.7375000	 1.3666337E-05 
 1.7425000	-1.3073058E-05 
 1.7475000	 7.2277068E-06 
 1.7525000	 4.1122348E-05 
 1.7575000	 1.6800730E-05 
 1.7625000	-9.2049086E-05 
 1.7675000	-2.7999230E-05 
 1.7725000	 3.9916794E-05 
 1.7775000	 1.9744287E-05 
 1.7825000	-8.0929686E-06 
 1.7875000	 1.3312856E-04 
 1.7925000	 5.0612268E-05 
 1.7975000	 1.8540146E-05 
 1.8025000	-7.1207743E-05 
 1.8075000	-7.1261687E-05 
 1.8125000	 5.0755025E-05 
 1.8175000	 1.8876018E-05 
 1.8225000	-5.9380223E-06 
 1.8275000	 9.5548787E-05 
 1.8325000	 4.5851011E-05 
 1.8375000	 1.8303740E-06 
 1.8425000	-1.0903506E-04 
 1.8475000	 2.2018424E-05 
 1.8525000	 1.1059416E-04 
 1.8575000	 2.6092494E-07 
 1.8625000	 5.3893499E-05 
 1.8675000	 7.2258054E-05 
 1.8725000	 4.6942952E-05 
 1.8775000	 1.0962406E-05 
 1.8825000	-5.4051674E-05 
 1.8875000	-6.5899635E-05 
 1.8925000	-3.4716753E-05 
 1.8975000	 1.6140406E-05 
 1.9025000	-7.0804979E-06 
 1.9075000	 1.9213208E-05 
 1.9125000	 9.8332150E-05 
 1.9175000	 2.0896156E-05 
 1.9225000	-1.1215573E-04 
 1.9275000	 1.8981365E-05 
 1.9325000	 1.4897736E-04 
 1.9375000	 1.4569989E-04 
 1.9425000	-5.4989915E-05 
 1.9475000	 4.5481570E-05 
 1.9525000	-2.1782467E-05 
 1.9575000	 1.8128700E-04 
 1.9625000	-6.1789143E-06 
 1.9675000	 2.3873744E-05 
 1.9725000	-5.2700374E-05 
 1.9775000	 1.9807409E-05 
 1.9825000	-7.1266494E-06 
 1.9875000	-7.2974707E-05 
 1.9925000	 5.4769657E-05 
 1.9975000	 1.9567717E-05 
 2.0025000	-4.7545010E-06 
 2.0075000	 1.5752502E-04 
 2.0125000	 5.8196319E-05 
 2.0175000	 2.6290841E-05 
 2.0225000	-7.0894538E-06 
 2.0275000	 2.8093757E-05 
 2.0325000	 5.8510258E-05 
 2.0375000	-1.4757974E-05 
 2.0425000	 1.0323784E-06 
 2.0475000	 8.1905595E-05 
 2.0525000	 6.1935620E-05 
 2.0575000	 1.3614397E-05 
 2.0625000	 8.4736777E-05 
 2.0675000	 3.1116143E-05 
 2.0725000	-4.8566904E-05 
 2.0775000	 2.3480043E-05 
 2.0825000	 7.3405857E-05 
 2.0875000	-4.8949750E-05 
 2.0925000	 1.1921300E-04 
 2.0975000	 2.5982663E-05 
 2.1025000	-7.6911938E-05 
 2.1075000	 3.3870807E-05 
 2.1125000	-2.4595047E-05 
 2.1175000	 5.4578838E-05 
 2.1225000	-1.5518806E-04 
 2.1275000	 3.1743210E-05 
 2.1325000	 6.9526796E-05 
 2.1375000	 1.5974456E-04 
 2.1425000	-3.8745262E-06 
 2.1475000	 3.5672841E-05 
 2.1525000	 7.9016443E-05 
 2.1575000	-5.7673959E-05 
 2.1625000	-6.2483096E-05 
 2.1675000	 9.1034423E-06 
 2.1725000	 6.5815192E-05 
 2.1775000	-9.9607787E-05 
 2.1825000	-3.3421898E-05 
 2.1875000	 3.6773325E-05 
 2.1925000	-1.7821011E-04 
 2.1975000	 1.5998896E-05 
 2.2025000	-3.5954472E-05 
 2.2075000	 1.5586857E-04 
 2.2125000	 5.3715966E-05 
 2.2175000	 2.7916205E-05 
 2.2225000	-5.8665916E-06 
 2.2275000	 4.6048690E-05 
 2.2325000	 7.5203682E-05 
 2.2375000	 3.4188383E-05 
 2.2425000	-5.9800513E-06 
 2.2475000	-3.9114871E-05 
 2.2525000	 7.5529726E-05 
 2.2575000	 2.7159978E-05 
 2.2625000	 5.6900711E-05 
 2.2675000	 3.8039363E-05 
 2.2725000	 8.3614582E-05 
 2.2775000	 2.9743100E-05 
 2.2825000	-5.1277684E-06 
 2.2875000	-1.8270720E-05 
 2.2925000	 7.9745055E-05 
 2.2975000	 3.2740201E-05 
 2.3025000	-2.4829989E-04 
 2.3075000	 3.9024393E-05 
 2.3125000	 8.5387192E-05 
 2.3175000	 3.1615191E-05 
 2.3225000	-1.4740745E-04 
 2.3275000	 4.3710344E-05 
 2.3325000	-9.1169642E-05 
 2.3375000	 1.8137206E-05 
 2.3425000	-3.6802679E-06 
 2.3475000	 6.4170331E-05 
 2.3525000	 8.9664747E-05 
 2.3575000	 4.3613352E-05 
 2.3625000	-2.4035694E-06 
 2.3675000	 5.2743857E-05 
 2.3725000	 9.2032311E-05 
 2.3775000	 2.9635920E-05 
 2.3825000	-7.8739534E-07 
 2.3875000	 1.9195846E-04 
 2.3925000	 9.4900283E-05 
 2.3975000	 2.0829681E-05 
 2.4025000	-2.2214922E-07 
 2.4075000	 1.7752067E-04 
 2.4125000	 1.0201348E-04 
 2.4175000	 2.5210756E-04 
 2.4225000	-1.0138976E-06 
 2.4275000	 6.8733409E-05 
 2.4325000	-6.0090605E-05 
 2.4375000	-2.6062636E-05 
 2.4425000	-6.3486218E-05 
 2.4475000	-6.8796092E-05 
 2.4525000	-2.4217018E-05 
 2.4575000	 3.0443700E-04 
 2.4625000	 2.7818479E-06 
 2.4675000	-7.9167929E-05 
 2.4725000	 8.0663318E-05 
 2.4775000	 1.2648917E-04 
 2.4825000	-1.8091701E-04 
 2.4875000	 5.4516079E-05 
 2.4925000	 1.3160735E-04 
 2.4975000	-6.2654907E-05 
 2.5025000	 1.5935402E-06 
 2.5075000	 7.4421137E-05 
 2.5125000	 1.0986294E-04 
 2.5175000	 3.0510075E-05 
 2.5225000	 2.4665072E-05 
 2.5275000	 6.7512412E-05 
 2.5325000	 9.1090568E-05 
 2.5375000	 5.4276134E-05 
 2.5425000	-2.2767641E-06 
 2.5475000	 2.6520539E-04 
 2.5525000	-7.9903590E-05 
 2.5575000	-2.0004988E-04 
 2.5625000	 1.0015838E-04 
 2.5675000	 2.1277488E-04 
 2.5725000	 1.2432766E-04 
 2.5775000	-1.6851833E-04 
 2.5825000	-2.4092605E-06 
 2.5875000	 9.7737473E-05 
 2.5925000	 2.3099752E-04 
 2.5975000	 4.3270038E-05 
 2.6025000	-9.2018744E-07 
 2.6075000	 9.1455110E-05 
 2.6125000	 1.9405027E-04 
 2.6175000	 3.8580174E-05 
 2.6225000	 2.3459264E-06 
 2.6275000	 4.3226853E-05 
 2.6325000	-4.2745241E-05 
 2.6375000	 4.0326401E-05 
 2.6425000	 3.7979944E-06 
 2.6475000	 9.3333170E-05 
 2.6525000	 1.3995681E-04 
 2.6575000	 3.9486788E-05 
 2.6625000	 4.0545926E-06 
 2.6675000	-8.2548112E-05 
 2.6725000	 1.5188052E-04 
 2.6775000	 3.5468053E-05 
 2.6825000	 3.9034074E-04 
 2.6875000	 9.1847596E-05 
 2.6925000	 1.5314718E-04 
 2.6975000	 5.5869277E-05 
 2.7025000	-2.6315868E-04 
 2.7075000	 1.0422995E-04 
 2.7125000	 5.8568980E-05 
 2.7175000	-3.3433498E-05 
 2.7225000	-3.8511192E-06 
 2.7275000	 1.1553199E-04 
 2.7325000	 1.6290248E-04 
 2.7375000	 6.9215339E-05 
 2.7425000	 3.6852503E-06 
 2.7475000	 2.4583505E-04 
 2.7525000	 1.6432158E-04 
 2.7575000	 6.1302558E-05 
 2.7625000	 7.4259453E-06 
 2.7675000	 2.3316767E-04 
 2.7725000	 1.0497934E-04 
 2.7775000	 4.3732380E-05 
 2.7825000	 2.9590511E-06 
 2.7875000	 1.4979707E-04 
 2.7925000	 1.7475168E-04 
 2.7975000	 2.2630535E-04 
 2.8025000	-1.6770062E-04 
 2.8075000	 1.3950611E-04 
 2.8125000	 1.9533142E-04 
 2.8175000	 2.0920085E-04 
 2.8225000	-5.1348969E-04 
 2.8275000	 3.4507305E-04 
 2.8325000	 1.8623556E-04 
 2.8375000	-2.1578813E-04 
 2.8425000	-6.0101299E-09 
 2.8475000	 1.6748331E-04 
 2.8525000	 5.2999346E-04 
 2.8575000	 8.2395935E-05 
 2.8625000	-4.4033142E-04 
 2.8675000	-6.1095262E-05 
 2.8725000	 2.7193785E-04 
 2.8775000	-6.1535516E-08 
 2.8825000	 1.3418187E-04 
 2.8875000	-3.6630341E-06 
 2.8925000	-3.6520249E-04 
 2.8975000	 6.9699191E-05 
 2.9025000	 1.6209221E-05 
 2.9075000	 1.6622303E-04 
 2.9125000	 6.3463868E-05 
 2.9175000	 8.2278841E-05 
 2.9225000	-7.6040024E-05 
 2.9275000	 2.6442021E-04 
 2.9325000	 2.7259776E-04 
 2.9375000	 1.9688926E-04 
 2.9425000	 1.9520046E-05 
 2.9475000	 1.8864051E-04 
 2.9525000	 2.4637571E-04 
 2.9575000	 1.2535832E-05 
 2.9625000	-1.0656769E-05 
 2.9675000	-3.9773805E-04 
 2.9725000	 2.5375926E-04 
 2.9775000	 8.2548361E-05 
 2.9825000	 1.9523072E-05 
 2.9875000	 1.2797153E-04 
 2.9925000	 3.6376994E-05 
 2.9975000	 7.4521746E-05 
 3.0025000	 1.3387460E-05 
 3.0075000	-1.9256798E-04 
 3.0125000	 2.4574819E-04 
 3.0175000	 1.5834606E-04 
 3.0225000	 1.2755431E-05 
 3.0275000	-1.3778226E-04 
 3.0325000	 2.8752694E-04 
 3.0375000	 7.3762800E-05 
 3.0425000	 2.0691702E-04 
 3.0475000	 4.9497420E-04 
 3.0525000	 8.2954612E-04 
 3.0575000	 6.3542372E-05 
 3.0625000	 5.7754827E-04 
 3.0675000	 2.4324398E-04 
 3.0725000	 3.2052983E-04 
 3.0775000	 1.0050895E-04 
 3.0825000	 5.5219605E-04 
 3.0875000	 9.2706861E-05 
 3.0925000	 3.9783853E-04 
 3.0975000	 8.2626838E-04 
 3.1025000	 3.5914188E-05 
 3.1075000	 2.7532211E-04 
 3.1125000	 3.5048045E-04 
 3.1175000	 7.1288943E-04 
 3.1225000	 3.2647307E-04 
 3.1275000	 1.9770693E-04 
 3.1325000	 3.6922259E-04 
 3.1375000	 7.6138441E-05 
 3.1425000	 3.4591678E-05 
 3.1475000	 3.1008891E-04 
 3.1525000	 7.7463247E-04 
 3.1575000	 2.9861204E-04 
 3.1625000	 5.6436140E-05 
 3.1675000	 3.2723254E-04 
 3.1725000	 5.7285756E-04 
 3.1775000	 4.6953771E-04 
 3.1825000	 7.9997417E-05 
 3.1875000	 3.4778776E-04 
 3.1925000	 4.2524800E-04 
 3.1975000	 9.6458237E-05 
 3.2025000	 7.0665536E-05 
 3.2075000	-3.1642947E-04 
 3.2125000	 1.2541993E-03 
 3.2175000	-6.3775879E-04 
 3.2225000	 5.1324363E-05 
 3.2275000	 1.0188744E-03 
 3.2325000	 1.9986399E-04 
 3.2375000	 1.3055612E-04 
 3.2425000	-2.8863992E-04 
 3.2475000	 3.5840839E-04 
 3.2525000	-1.3686532E-04 
 3.2575000	 5.7657256E-04 
 3.2625000	 4.7973734E-04 
 3.2675000	 4.2397168E-04 
 3.2725000	 1.0553485E-03 
 3.2775000	 1.6307096E-04 
 3.2825000	 3.2778914E-04 
 3.2875000	 4.2015657E-04 
 3.2925000	 5.4907734E-04 
 3.2975000	 1.1611613E-04 
 3.3025000	 1.0044234E-04 
 3.3075000	 4.8256586E-04 
 3.3125000	 5.2356484E-04 
 3.3175000	-5.0920792E-04 
 3.3225000	 1.1236129E-04 
 3.3275000	-7.7822111E-05 
 3.3325000	 6.0769580E-04 
 3.3375000	 1.3032129E-04 
 3.3425000	-3.2484809E-04 
 3.3475000	 5.3850100E-04 
 3.3525000	 6.3832113E-04 
 3.3575000	 1.7917771E-04 
 3.3625000	 4.7225608E-05 
 3.3675000	 6.0943850E-04 
 3.3725000	 7.0605511E-04 
 3.3775000	 7.6726405E-07 
 3.3825000	-7.0818827E-05 
 3.3875000	 6.4794608E-04 
 3.3925000	 1.3046384E-03 
 3.3975000	 2.0177788E-04 
 3.4025000	 6.5649228E-04 
 3.4075000	 6.4229778E-04 
 3.4125000	 8.5207637E-04 
 3.4175000	 1.8394694E-04 
 3.4225000	 8.8988963E-04 
 3.4275000	 6.6570283E-04 
 3.4325000	 8.1136871E-04 
 3.4375000	 1.6077817E-04 
 3.4425000	-3.4840792E-04 
 3.4475000	 8.1291358E-04 
 3.4525000	 1.1928040E-03 
 3.4575000	-9.6041222E-04 
 3.4625000	 1.6293189E-04 
 3.4675000	 1.8715566E-03 
 3.4725000	 9.4722252E-04 
 3.4775000	 3.3272182E-04 
 3.4825000	 1.3858097E-04 
 3.4875000	 9.8277306E-04 
 3.4925000	 1.7639481E-03 
 3.4975000	 6.6382234E-04 
 3.5025000	 1.8593401E-04 
 3.5075000	 1.5386349E-03 
 3.5125000	 1.0570984E-03 
 3.5175000	 2.4763726E-04 
 3.5225000	 2.1757972E-04 
 3.5275000	 1.0003638E-03 
 3.5325000	 1.2261330E-03 
 3.5375000	 4.0546648E-04 
 3.5425000	 2.8612550E-04 
 3.5475000	 1.2346151E-03 
 3.5525000	 1.7942109E-03 
 3.5575000	 3.0985699E-04 
 3.5625000	 1.9963362E-03 
 3.5675000	 1.4545351E-03 
 3.5725000	 1.1897438E-03 
 3.5775000	 1.6874838E-03 
 3.5825000	 2.5268274E-04 
 3.5875000	 1.6050354E-04 
 3.5925000	 3.0045147E-03 
 3.5975000	-4.7508912E-04 
 3.6025000	 1.1163894E-03 
 3.6075000	 1.6165988E-03 
 3.6125000	 1.9868605E-03 
 3.6175000	 1.6656057E-03 
 3.6225000	 4.3340190E-04 
 3.6275000	 1.2594136E-03 
 3.6325000	 2.0415703E-03 
 3.6375000	 5.0869106E-04 
 3.6425000	 3.0444132E-04 
 3.6475000	 2.1830978E-03 
 3.6525000	 2.0704898E-03 
 3.6575000	-6.2642391E-04 
 3.6625000	 4.3785322E-04 
 3.6675000	 2.4158685E-03 
 3.6725000	 3.3931611E-03 
 3.6775000	 5.7248619E-04 
 3.6825000	 7.4992384E-04 
 3.6875000	 1.6574100E-03 
 3.6925000	 2.1385706E-03 
 3.6975000	 1.3726755E-03 
 3.7025000	 2.6918214E-04 
 3.7075000	 2.5915950E-03 
 3.7125000	 3.5194470E-03 
 3.7175000	 1.6443184E-03 
 3.7225000	-1.5991865E-03 
 3.7275000	 2.7081441E-03 
 3.7325000	 4.0385165E-03 
 3.7375000	-8.1170657E-04 
 3.7425000	-2.9502406E-03 
 3.7475000	 4.0572516E-03 
 3.7525000	 4.5936829E-03 
 3.7575000	 1.0618349E-03 
 3.7625000	 2.8687381E-03 
 3.7675000	 4.9479191E-03 
 3.7725000	 4.6717011E-03 
 3.7775000	-9.1784922E-04 
 3.7825000	 3.2594233E-03 
 3.7875000	 6.4056819E-03 
 3.7925000	 5.6225517E-03 
 3.7975000	 1.4713552E-03 
 3.8025000	 4.2260950E-03 
 3.8075000	 7.6574068E-03 
 3.8125000	 8.3792401E-03 
 3.8175000	 2.0087634E-03 
 3.8225000	 2.4353785E-03 
 3.8275000	 1.2478616E-02 
 3.8325000	 1.1011225E-02 
 3.8375000	 1.9422644E-03 
 3.8425000	 3.2056967E-03 
 3.8475000	 1.4126074E-02 
 3.8525000	 1.3782300E-02 
 3.8575000	-2.1425312E-03 
 3.8625000	 9.5824799E-04 
 3.8675000	 1.7470034E-02 
 3.8725000	 1.9082019E-02 
 3.8775000	 1.2253804E-02 
 3.8825000	 6.9048024E-03 
 3.8875000	 2.3349011E-02 
 3.8925000	 2.8008605E-02 
 3.8975000	 9.0378065E-03 
 3.9025000	 5.6071693E-03 
 3.9075000	 2.8083828E-02 
 3.9125000	 4.6330346E-02 
 3.9175000	 1.0919129E-02 
 3.9225000	 1.0604673E-02 
 3.9275000	 6.9436736E-02 
 3.9325000	 9.7887501E-02 
 3.9375000	 4.1830266E-02 
 3.9425000	 3.4517481E-02 
 3.9475000	 1.3920388E-01 
 3.9525000	 2.3728063E-01 
 3.9575000	 1.1620880E-01 
 3.9625000	 7.4859294E-03 
 3.9675000	 2.1888413E-01 
 3.9725000	 6.7870406E-01 
 3.9775000	 8.2459873E-01 
 3.9825000	 4.6596872E-01 
 3.9875000	 2.2488500E-02 
 3.9925000	 1.5148937E-01 
 3.9975000	 5.8362671E-01 
 4.0025000	 9.0628036E-01 
 4.0075000	 5.9200361E-01 
 4.0125000	 1.5774720E-01 
 4.0175000	 1.0087560E-02 
 4.0225000	 1.7272928E-01 
 4.0275000	 2.3437214E-01 
 4.0325000	 1.1787269E-01 
 4.0375000	 9.2437053E-03 
 4.0425000	 3.2047061E-02 
 4.0475000	 9.6709955E-02 
 4.0525000	 5.0011287E-02 
 4.0575000	-1.4266224E-02 
 4.0625000	 2.2029441E-02 
 4.0675000	 4.2565919E-02 
 4.0725000	 2.6467594E-02 
 4.0775000	 6.3500643E-03 
 4.0825000	 1.1935130E-02 
 4.0875000	 2.9788542E-02 
 4.0925000	 8.9121831E-03 
 4.0975000	 3.3813753E-03 
 4.1025000	 6.3743396E-03 
 4.1075000	 2.0428384E-02 
 4.1125000	 1.9743960E-02 
 4.1175000	 1.3956639E-03 
 4.1225000	 3.3746104E-03 
 4.1275000	 1.4707751E-02 
 4.1325000	 9.0066100E-03 
 4.1375000	 8.0210551E-04 
 4.1425000	 4.3189057E-03 
 4.1475000	 1.1435246E-02 
 4.1525000	 2.4724844E-03 
 4.1575000	 8.2830776E-04 
 4.1625000	 3.5286046E-03 
 4.1675000	 8.9348066E-03 
 4.1725000	 8.7674815E-03 
 4.1775000	 2.7025190E-03 
 4.1825000	 1.1288329E-02 
 4.1875000	 8.3964454E-03 
 4.1925000	 5.1950987E-03 
 4.1975000	-3.7790120E-04 
 4.2025000	 2.5889297E-03 
 4.2075000	 8.8566944E-03 
 4.2125000	 6.2404721E-03 
 4.2175000	-1.5212643E-03 
 4.2225000	 7.6198900E-04 
 4.2275000	 3.8631004E-03 
 4.2325000	 3.6820498E-03 
 4.2375000	 5.7771611E-04 
 4.2425000	 1.4062630E-03 
 4.2475000	 5.1482354E-03 
 4.2525000	 6.3095610E-03 
 4.2575000	 3.9191474E-04 
 4.2625000	 1.4408117E-03 
 4.2675000	 3.6227094E-03 
 4.2725000	 5.0884087E-03 
 4.2775000	 5.0754236E-04 
 4.2825000	 1.0898059E-03 
 4.2875000	 2.9258966E-03 
 4.2925000	 1.9948020E-03 
 4.2975000	 3.4504665E-04 
 4.3025000	-2.5818150E-05 
 4.3075000	 3.2390468E-03 
 4.3125000	-1.5656991E-04 
 4.3175000	 2.4305902E-03 
 4.3225000	-9.6636173E-04 
 4.3275000	 3.5994339E-03 
 4.3325000	 1.5751935E-03 
 4.3375000	-1.0446366E-03 
 4.3425000	 6.5370483E-04 
 4.3475000	 3.2309918E-03 
 4.3525000	 1.4728728E-03 
 4.3575000	-2.2829337E-04 
 4.3625000	 6.2118616E-04 
 4.3675000	-1.7365640E-05 
 4.3725000	 2.0492435E-04 
 4.3775000	-4.3544828E-04 
 4.3825000	 4.1206435E-04 
 4.3875000	 2.3386156E-03 
 4.3925000	 1.3326998E-03 
 4.3975000	 1.0618849E-04 
 4.4025000	 2.3938843E-03 
 4.4075000	-1.7170434E-03 
 4.4125000	 1.2001792E-03 
 4.4175000	 1.7869463E-04 
 4.4225000	 4.8196446E-04 
 4.4275000	 1.5031872E-03 
 4.4325000	 5.4300215E-04 
 4.4375000	-3.7110825E-04 
 4.4425000	 4.1905663E-04 
 4.4475000	-8.6969257E-04 
 4.4525000	 1.0114714E-03 
 4.4575000	 9.4408791E-05 
 4.4625000	 1.9029603E-03 
 4.4675000	 9.0963851E-04 
 4.4725000	 8.8348275E-04 
 4.4775000	 1.4666881E-04 
 4.4825000	 4.9374841E-04 
 4.4875000	 6.2137255E-05 
 4.4925000	 8.0258028E-04 
 4.4975000	 9.3772197E-04 
 4.5025000	 4.5727187E-04 
 4.5075000	 1.0993021E-03 
 4.5125000	 7.0576320E-04 
 4.5175000	 9.8521939E-05 
 4.5225000	-2.8789072E-03 
 4.5275000	 1.9562325E-04 
 4.5325000	 7.1994272E-04 
 4.5375000	 7.9506700E-05 
 4.5425000	 3.5903546E-04 
 4.5475000	 9.0815105E-04 
 4.5525000	 5.8317194E-04 
 4.5575000	 9.3156333E-04 
 4.5625000	 3.3076579E-04 
 4.5675000	 8.6850192E-04 
 4.5725000	-6.1986590E-04 
 4.5775000	-4.1520763E-04 
 4.5825000	 2.6502409E-04 
 4.5875000	 9.4970916E-04 
 4.5925000	 1.6895372E-04 
 4.5975000	 5.2322229E-05 
 4.6025000	 2.4283820E-04 
 4.6075000	 7.4791332E-04 
 4.6125000	 4.7595959E-04 
 4.6175000	-4.4471919E-04 
 4.6225000	 4.1229889E-04 
 4.6275000	 6.4347497E-04 
 4.6325000	 5.1061217E-04 
 4.6375000	-5.8868203E-04 
 4.6425000	 3.1144056E-04 
 4.6475000	 6.3937034E-04 
 4.6525000	 5.4081519E-04 
 4.6575000	 2.3470341E-05 
 4.6625000	-1.1552459E-03 
 4.6675000	 6.1460408E-04 
 4.6725000	 4.6347826E-04 
 4.6775000	 3.2771754E-04 
 4.6825000	 1.9102697E-04 
 4.6875000	 5.7518192E-04 
 4.6925000	 1.0146470E-04 
 4.6975000	 2.8318431E-04 
 4.7025000	-8.6110532E-04 
 4.7075000	 5.5134148E-04 
 4.7125000	 3.5175834E-04 
 4.7175000	 2.8816100E-05 
 4.7225000	 4.0710590E-04 
 4.7275000	 8.0442541E-04 
 4.7325000	 3.4392625E-04 
 4.7375000	 1.5774196E-05 
 4.7425000	 1.8868172E-04 
 4.7475000	 5.0038269E-04 
 4.7525000	 5.4267801E-04 
 4.7575000	 2.2865497E-05 
 4.7625000	 7.0213558E-04 
 4.7675000	-5.7118105E-04 
 4.7725000	 2.8336685E-04 
 4.7775000	 3.9521807E-04 
 4.7825000	-3.9313053E-04 
 4.7875000	 3.5571781E-04 
 4.7925000	 2.7016280E-04 
 4.7975000	 2.6960876E-04 
 4.8025000	 1.6629831E-04 
 4.8075000	 4.1836113E-04 
 4.8125000	 2.5550629E-04 
 4.8175000	-1.7239501E-04 
 4.8225000	 1.3482336E-04 
 4.8275000	-6.0698392E-04 
 4.8325000	-9.5288034E-04 
 4.8375000	 9.0913178E-06 
 4.8425000	 3.5588596E-04 
 4.8475000	-1.2222770E-04 
 4.8525000	 4.2104324E-04 
 4.8575000	 2.5291722E-04 
 4.8625000	 1.1381044E-04 
 4.8675000	 3.5867929E-04 
 4.8725000	 2.1576408E-04 
 4.8775000	 1.4049945E-05 
 4.8825000	 1.0983671E-04 
 4.8875000	 3.3340537E-04 
 4.8925000	 2.0527592E-04 
 4.8975000	-8.8903035E-04 
 4.9025000	 9.7559420E-04 
 4.9075000	 3.2492447E-04 
 4.9125000	 1.8146162E-04 
 4.9175000	-8.0467883E-04 
 4.9225000	 1.5913928E-04 
 4.9275000	 3.1453902E-04 
 4.9325000	 2.1528184E-04 
 4.9375000	 5.1464497E-06 
 4.9425000	 1.7105673E-04 
 4.9475000	 2.9566880E-04 
 4.9525000	 9.2000262E-04 
 4.9575000	 3.9755955E-04 
 4.9625000	 1.4678598E-04 
 4.9675000	 2.9007437E-04 
 4.9725000	 3.8523313E-04 
 4.9775000	 7.8279918E-06 
 4.9825000	-1.4083614E-04 
 4.9875000	 2.5946752E-04 
 4.9925000	 5.1686172E-04 
 4.9975000	-9.3076022E-07 
 5.0025000	-9.4923853E-05 
 5.0075000	 2.6659047E-04 
 5.0125000	 3.5018834E-04 
 5.0175000	 2.0045357E-04 
 5.0225000	 1.1487011E-04 
 5.0275000	 2.5877344E-04 
 5.0325000	 1.5097565E-03 
 5.0375000	 3.8683631E-04 
 5.0425000	 7.5194324E-05 
 5.0475000	 2.4041999E-04 
 5.0525000	 9.8019482E-05 
 5.0575000	 1.5745464E-06 
 5.0625000	 1.2911281E-05 
 5.0675000	-3.1189289E-04 
 5.0725000	 2.2871789E-04 
 5.0775000	 4.4013502E-06 
 5.0825000	-4.5841396E-04 
 5.0875000	 1.0836091E-03 
 5.0925000	 1.1617775E-04 
 5.0975000	-5.2790288E-04 
 5.1025000	-1.0658313E-03 
 5.1075000	 9.2590863E-04 
 5.1125000	 1.2034572E-04 
 5.1175000	-2.9471046E-04 
 5.1225000	 3.9173564E-05 
 5.1275000	 5.2217205E-05 
 5.1325000	 6.2821446E-04 
 5.1375000	 1.6381174E-03 
 5.1425000	 8.8949563E-05 
 5.1475000	 1.3086024E-03 
 5.1525000	 1.1309807E-04 
 5.1575000	-2.6212510E-05 
 5.1625000	-1.0717246E-03 
 5.1675000	 3.2974668E-04 
 5.1725000	 1.1717875E-04 
 5.1775000	-9.6080252E-04 
 5.1825000	 7.3696974E-05 
 5.1875000	 9.7001355E-04 
 5.1925000	 1.0030859E-04 
 5.1975000	 3.3941485E-06 
 5.2025000	 9.1725050E-05 
 5.2075000	 1.8390726E-04 
 5.2125000	 1.0464288E-04 
 5.2175000	 1.7798890E-06 
 5.2225000	 9.5206088E-05 
 5.2275000	 2.8473522E-04 
 5.2325000	-2.0615265E-04 
 5.2375000	-5.3971410E-04 
 5.2425000	 4.0635893E-05 
 5.2475000	 1.6767284E-04 
 5.2525000	 4.3505421E-04 
 5.2575000	-5.4400628E-06 
 5.2625000	 4.9193339E-05 
 5.2675000	 1.6277473E-04 
 5.2725000	 1.3841023E-04 
 5.2775000	-5.1074725E-06 
 5.2825000	 6.6222811E-04 
 5.2875000	 1.6087664E-04 
 5.2925000	 5.5306245E-05 
 5.2975000	-4.9147031E-07 
 5.3025000	 6.5152689E-05 
 5.3075000	 1.5127348E-04 
 5.3125000	 7.8618030E-05 
 5.3175000	 5.5163292E-04 
 5.3225000	 6.1563599E-05 
 5.3275000	 1.4712440E-04 
 5.3325000	 7.0782051E-05 
 5.3375000	-2.8823792E-06 
 5.3425000	 1.0559616E-04 
 5.3475000	 3.0486993E-04 
 5.3525000	-1.1630365E-04 
 5.3575000	 1.2215476E-06 
 5.3625000	 6.1858035E-05 
 5.3675000	 1.8055463E-04 
 5.3725000	-1.5488199E-04 
 5.3775000	 2.1171053E-04 
 5.3825000	 2.6621509E-05 
 5.3875000	 3.0631975E-04 
 5.3925000	-4.6567128E-04 
 5.3975000	 3.7678674E-04 
 5.4025000	-1.8159014E-04 
 5.4075000	 1.2387184E-04 
 5.4125000	 2.2526416E-04 
 5.4175000	-2.4228875E-06 
 5.4225000	 5.2168240E-05 
 5.4275000	-7.4857523E-04 
 5.4325000	-6.7188078E-05 
 5.4375000	-5.2189291E-06 
 5.4425000	 5.5968110E-05 
 5.4475000	 1.1985233E-04 
 5.4525000	 1.4025337E-03 
 5.4575000	-1.1656746E-04 
 5.4625000	 7.2438825E-05 
 5.4675000	 1.1675466E-04 
 5.4725000	-1.2721642E-04 
 5.4775000	-6.3802583E-05 
 5.4825000	-4.8326274E-04 
 5.4875000	 1.1462416E-03 
 5.4925000	 1.9310506E-04 
 5.4975000	-9.9081316E-06 
 5.5025000	 6.5553722E-04 
 5.5075000	 1.1436340E-04 
 5.5125000	 4.5219888E-05 
 5.5175000	-4.9538185E-04 
 5.5225000	 5.0746885E-05 
 5.5275000	 5.4333628E-05 
 5.5325000	 1.0139665E-03 
 5.5375000	-6.4050097E-04 
 5.5425000	 4.8968498E-05 
 5.5475000	 2.2320411E-04 
 5.5525000	 3.5900512E-05 
 5.5575000	 5.9849825E-04 
 5.5625000	 6.2663331E-05 
 5.5675000	 9.2637830E-05 
 5.5725000	 4.7584813E-05 
 5.5775000	 4.2560285E-04 
 5.5825000	 4.3091968E-05 
 5.5875000	 9.3982121E-05 
 5.5925000	 3.6877798E-05 
 5.5975000	-5.1336044E-06 
 5.6025000	 5.2346342E-05 
 5.6075000	 1.5441782E-04 
 5.6125000	 2.5246032E-05 
 5.6175000	-8.5674530E-06 
 5.6225000	 1.2914702E-05 
 5.6275000	 8.8021320E-05 
 5.6325000	 4.3982816E-05 
 5.6375000	-7.6897818E-06 
 5.6425000	 4.0390912E-05 
 5.6475000	-3.9838497E-04 
 5.6525000	-3.3916648E-04 
 5.6575000	-9.2533310E-05 
 5.6625000	 4.4153792E-04 
 5.6675000	 8.9700541E-05 
 5.6725000	-2.3629673E-04 
 5.6775000	-7.2513382E-04 
 5.6825000	-8.2994181E-04 
 5.6875000	 8.8802448E-05 
 5.6925000	 3.7121926E-05 
 5.6975000	-4.5887082E-06 
 5.7025000	 4.3531330E-05 
 5.7075000	 8.4530422E-05 
 5.7125000	-1.7676882E-04 
 5.7175000	-7.2709991E-06 
 5.7225000	 4.0057469E-04 
 5.7275000	 8.4851437E-04 
 5.7325000	 3.5805290E-05 
 5.7375000	-4.9752399E-04 
 5.7425000	 5.3798102E-04 
 5.7475000	 1.1904640E-04 
 5.7525000	 2.0376439E-04 
 5.7575000	-9.7542851E-04 
 5.7625000	 4.6384615E-04 
 5.7675000	 9.1023846E-04 
 5.7725000	 2.1891931E-05 
 5.7775000	-2.3361955E-06 
 5.7825000	-3.4815502E-04 
 5.7875000	 3.0930149E-04 
 5.7925000	 2.2878145E-05 
 5.7975000	-5.4033885E-05 
 5.8025000	 3.8976354E-05 
 5.8075000	-8.6697988E-05 
 5.8125000	 7.5270144E-04 
 5.8175000	 2.1697022E-04 
 5.8225000	 5.5818684E-04 
 5.8275000	-1.6418457E-04 
 5.8325000	 2.9262046E-05 
 5.8375000	-4.0229787E-04 
 5.8425000	 7.4899546E-05 
 5.8475000	-4.9044009E-05 
 5.8525000	 1.4077788E-05 
 5.8575000	 1.0766463E-04 
 5.8625000	 3.3541691E-05 
 5.8675000	 6.5837496E-05 
 5.8725000	 2.4601254E-05 
 5.8775000	-6.5577727E-06 
 5.8825000	 4.4964045E-05 
 5.8875000	 7.8564613E-04 
 5.8925000	-6.1447742E-04 
 5.8975000	-4.8057490E-04 
 5.9025000	 2.7637186E-05 
 5.9075000	 6.2960708E-05 
 5.9125000	-3.3106650E-04 
 5.9175000	-2.0017276E-04 
 5.9225000	 2.9253988E-05 
 5.9275000	 4.8475140E-05 
 5.9325000	-1.3078319E-04 
 5.9375000	-4.4106296E-06 
 5.9425000	 3.8518791E-05 
 5.9475000	 5.8161691E-05 
 5.9525000	 9.6640165E-06 
 5.9575000	-4.4401698E-04 
 5.9625000	 3.7323030E-05 
 5.9675000	 5.4773895E-05 
 5.9725000	 1.9440629E-05 
 5.9775000	-1.2983865E-06 
 5.9825000	 2.7571747E-05 
 5.9875000	-4.5709070E-04 
 5.9925000	 1.4746203E-05 
 5.9975000	 5.6899673E-04 
