 1.0025000	 1.0000000E-00 
 1.0075000	 1.0000000E-00 
 1.0125000	 9.9999992E-01 
 1.0175000	 1.0000000E-00 
 1.0225000	 1.0000000E-00 
 1.0275000	 9.9999996E-01 
 1.0325000	 1.0000000E-00 
 1.0375000	 1.0000000E-00 
 1.0425000	 9.9999998E-01 
 1.0475000	 9.9999987E-01 
 1.0525000	 9.9999984E-01 
 1.0575000	 1.0000000E-00 
 1.0625000	 1.0000000E-00 
 1.0675000	 1.0000000E-00 
 1.0725000	 1.0000000E-00 
 1.0775000	 1.0000000E-00 
 1.0825000	 9.9999992E-01 
 1.0875000	 9.9999999E-01 
 1.0925000	 1.0000000E-00 
 1.0975000	 1.0000000E-00 
 1.1025000	 9.9999996E-01 
 1.1075000	 9.9999999E-01 
 1.1125000	 1.0000000E-00 
 1.1175000	 1.0000000E-00 
 1.1225000	 1.0000000E-00 
 1.1275000	 9.9999997E-01 
 1.1325000	 1.0000000E-00 
 1.1375000	 9.9999987E-01 
 1.1425000	 9.9999984E-01 
 1.1475000	 1.0000000E-00 
 1.1525000	 9.9999999E-01 
 1.1575000	 1.0000000E-00 
 1.1625000	 9.9999991E-01 
 1.1675000	 1.0000000E-00 
 1.1725000	 1.0000000E-00 
 1.1775000	 9.9999987E-01 
 1.1825000	 9.9999998E-01 
 1.1875000	 9.9999988E-01 
 1.1925000	 1.0000000E-00 
 1.1975000	 9.9999993E-01 
 1.2025000	 9.9999985E-01 
 1.2075000	 1.0000000E-00 
 1.2125000	 9.9999999E-01 
 1.2175000	 1.0000000E-00 
 1.2225000	 1.0000000E-00 
 1.2275000	 1.0000000E-00 
 1.2325000	 9.9999976E-01 
 1.2375000	 1.0000000E-00 
 1.2425000	 9.9999997E-01 
 1.2475000	 9.9999993E-01 
 1.2525000	 1.0000000E-00 
 1.2575000	 9.9999978E-01 
 1.2625000	 9.9999977E-01 
 1.2675000	 9.9999996E-01 
 1.2725000	 1.0000000E-00 
 1.2775000	 9.9999998E-01 
 1.2825000	 9.9999999E-01 
 1.2875000	 9.9999983E-01 
 1.2925000	 1.0000000E-00 
 1.2975000	 9.9999981E-01 
 1.3025000	 9.9999995E-01 
 1.3075000	 1.0000000E-00 
 1.3125000	 1.0000000E-00 
 1.3175000	 9.9999989E-01 
 1.3225000	 1.0000000E-00 
 1.3275000	 1.0000000E-00 
 1.3325000	 1.0000000E-00 
 1.3375000	 1.0000000E-00 
 1.3425000	 1.0000000E-00 
 1.3475000	 1.0000000E-00 
 1.3525000	 1.0000000E-00 
 1.3575000	 1.0000000E-00 
 1.3625000	 1.0000000E-00 
 1.3675000	 9.9999991E-01 
 1.3725000	 1.0000000E-00 
 1.3775000	 1.0000000E-00 
 1.3825000	 1.0000000E-00 
 1.3875000	 1.0000000E-00 
 1.3925000	 9.9999986E-01 
 1.3975000	 9.9999989E-01 
 1.4025000	 9.9999993E-01 
 1.4075000	 1.0000000E-00 
 1.4125000	 1.0000000E-00 
 1.4175000	 9.9999999E-01 
 1.4225000	 9.9999987E-01 
 1.4275000	 1.0000000E-00 
 1.4325000	 1.0000000E-00 
 1.4375000	 9.9999987E-01 
 1.4425000	 1.0000000E-00 
 1.4475000	 9.9999997E-01 
 1.4525000	 9.9999997E-01 
 1.4575000	 1.0000000E-00 
 1.4625000	 9.9999999E-01 
 1.4675000	 1.0000000E-00 
 1.4725000	 1.0000000E-00 
 1.4775000	 1.0000000E-00 
 1.4825000	 1.0000000E-00 
 1.4875000	 1.0000000E-00 
 1.4925000	 1.0000000E-00 
 1.4975000	 1.0000000E-00 
 1.5025000	 9.9999994E-01 
 1.5075000	 9.9999991E-01 
 1.5125000	 9.9999993E-01 
 1.5175000	 1.0000000E-00 
 1.5225000	 9.9999964E-01 
 1.5275000	 1.0000000E-00 
 1.5325000	 1.0000000E-00 
 1.5375000	 1.0000000E-00 
 1.5425000	 9.9999999E-01 
 1.5475000	 9.9999999E-01 
 1.5525000	 9.9999983E-01 
 1.5575000	 9.9999994E-01 
 1.5625000	 9.9999971E-01 
 1.5675000	 9.9999984E-01 
 1.5725000	 1.0000000E-00 
 1.5775000	 9.9999992E-01 
 1.5825000	 1.0000000E-00 
 1.5875000	 9.9999989E-01 
 1.5925000	 9.9999991E-01 
 1.5975000	 1.0000000E-00 
 1.6025000	 9.9999952E-01 
 1.6075000	 9.9999977E-01 
 1.6125000	 9.9999994E-01 
 1.6175000	 1.0000000E-00 
 1.6225000	 1.0000000E-00 
 1.6275000	 1.0000000E-00 
 1.6325000	 1.0000000E-00 
 1.6375000	 9.9999980E-01 
 1.6425000	 1.0000000E-00 
 1.6475000	 9.9999985E-01 
 1.6525000	 9.9999994E-01 
 1.6575000	 9.9999986E-01 
 1.6625000	 9.9999982E-01 
 1.6675000	 9.9999971E-01 
 1.6725000	 1.0000000E-00 
 1.6775000	 9.9999996E-01 
 1.6825000	 1.0000000E-00 
 1.6875000	 1.0000000E-00 
 1.6925000	 9.9999976E-01 
 1.6975000	 9.9999985E-01 
 1.7025000	 1.0000000E-00 
 1.7075000	 9.9999999E-01 
 1.7125000	 1.0000000E-00 
 1.7175000	 1.0000000E-00 
 1.7225000	 9.9999959E-01 
 1.7275000	 9.9999953E-01 
 1.7325000	 1.0000000E-00 
 1.7375000	 1.0000000E-00 
 1.7425000	 9.9999998E-01 
 1.7475000	 9.9999967E-01 
 1.7525000	 1.0000000E-00 
 1.7575000	 1.0000000E-00 
 1.7625000	 9.9999988E-01 
 1.7675000	 9.9999983E-01 
 1.7725000	 1.0000000E-00 
 1.7775000	 1.0000000E-00 
 1.7825000	 1.0000000E-00 
 1.7875000	 9.9999991E-01 
 1.7925000	 1.0000000E-00 
 1.7975000	 9.9999984E-01 
 1.8025000	 9.9999993E-01 
 1.8075000	 9.9999985E-01 
 1.8125000	 9.9999999E-01 
 1.8175000	 1.0000000E-00 
 1.8225000	 1.0000000E-00 
 1.8275000	 9.9999990E-01 
 1.8325000	 1.0000000E-00 
 1.8375000	 9.9999978E-01 
 1.8425000	 9.9999970E-01 
 1.8475000	 1.0000000E-00 
 1.8525000	 9.9999996E-01 
 1.8575000	 9.9999994E-01 
 1.8625000	 9.9999983E-01 
 1.8675000	 9.9999996E-01 
 1.8725000	 1.0000000E-00 
 1.8775000	 1.0000000E-00 
 1.8825000	 9.9999980E-01 
 1.8875000	 9.9999990E-01 
 1.8925000	 9.9999982E-01 
 1.8975000	 1.0000000E-00 
 1.9025000	 1.0000000E-00 
 1.9075000	 1.0000000E-00 
 1.9125000	 9.9999997E-01 
 1.9175000	 1.0000000E-00 
 1.9225000	 9.9999988E-01 
 1.9275000	 1.0000000E-00 
 1.9325000	 9.9999946E-01 
 1.9375000	 9.9999953E-01 
 1.9425000	 9.9999996E-01 
 1.9475000	 9.9999995E-01 
 1.9525000	 9.9999993E-01 
 1.9575000	 9.9999867E-01 
 1.9625000	 1.0000000E-00 
 1.9675000	 9.9999974E-01 
 1.9725000	 9.9999953E-01 
 1.9775000	 1.0000000E-00 
 1.9825000	 1.0000000E-00 
 1.9875000	 9.9999963E-01 
 1.9925000	 1.0000000E-00 
 1.9975000	 1.0000000E-00 
 2.0025000	 1.0000000E-00 
 2.0075000	 9.9999972E-01 
 2.0125000	 1.0000000E-00 
 2.0175000	 9.9999989E-01 
 2.0225000	 1.0000000E-00 
 2.0275000	 1.0000000E-00 
 2.0325000	 1.0000000E-00 
 2.0375000	 9.9999999E-01 
 2.0425000	 1.0000000E-00 
 2.0475000	 9.9999958E-01 
 2.0525000	 1.0000000E-00 
 2.0575000	 9.9999953E-01 
 2.0625000	 9.9999982E-01 
 2.0675000	 1.0000000E-00 
 2.0725000	 9.9999910E-01 
 2.0775000	 1.0000000E-00 
 2.0825000	 9.9999936E-01 
 2.0875000	 9.9999991E-01 
 2.0925000	 9.9999967E-01 
 2.0975000	 1.0000000E-00 
 2.1025000	 9.9999988E-01 
 2.1075000	 1.0000000E-00 
 2.1125000	 9.9999993E-01 
 2.1175000	 9.9999945E-01 
 2.1225000	 9.9999934E-01 
 2.1275000	 1.0000000E-00 
 2.1325000	 1.0000000E-00 
 2.1375000	 9.9999918E-01 
 2.1425000	 1.0000000E-00 
 2.1475000	 1.0000000E-00 
 2.1525000	 9.9999921E-01 
 2.1575000	 9.9999950E-01 
 2.1625000	 9.9999994E-01 
 2.1675000	 9.9999976E-01 
 2.1725000	 1.0000000E-00 
 2.1775000	 9.9999986E-01 
 2.1825000	 9.9999999E-01 
 2.1875000	 1.0000000E-00 
 2.1925000	 9.9999931E-01 
 2.1975000	 9.9999996E-01 
 2.2025000	 9.9999998E-01 
 2.2075000	 9.9999912E-01 
 2.2125000	 9.9999914E-01 
 2.2175000	 1.0000000E-00 
 2.2225000	 1.0000000E-00 
 2.2275000	 1.0000000E-00 
 2.2325000	 9.9999999E-01 
 2.2375000	 9.9999969E-01 
 2.2425000	 1.0000000E-00 
 2.2475000	 9.9999820E-01 
 2.2525000	 1.0000000E-00 
 2.2575000	 1.0000000E-00 
 2.2625000	 9.9999993E-01 
 2.2675000	 1.0000000E-00 
 2.2725000	 1.0000000E-00 
 2.2775000	 1.0000000E-00 
 2.2825000	 1.0000000E-00 
 2.2875000	 9.9999995E-01 
 2.2925000	 1.0000000E-00 
 2.2975000	 1.0000000E-00 
 2.3025000	 9.9999892E-01 
 2.3075000	 1.0000000E-00 
 2.3125000	 1.0000000E-00 
 2.3175000	 1.0000000E-00 
 2.3225000	 9.9999976E-01 
 2.3275000	 1.0000000E-00 
 2.3325000	 9.9999961E-01 
 2.3375000	 1.0000000E-00 
 2.3425000	 1.0000000E-00 
 2.3475000	 1.0000000E-00 
 2.3525000	 9.9999999E-01 
 2.3575000	 1.0000000E-00 
 2.3625000	 1.0000000E-00 
 2.3675000	 1.0000000E-00 
 2.3725000	 9.9999999E-01 
 2.3775000	 1.0000000E-00 
 2.3825000	 1.0000000E-00 
 2.3875000	 9.9999988E-01 
 2.3925000	 9.9999999E-01 
 2.3975000	 1.0000000E-00 
 2.4025000	 1.0000000E-00 
 2.4075000	 9.9999805E-01 
 2.4125000	 9.9999999E-01 
 2.4175000	 9.9999950E-01 
 2.4225000	 1.0000000E-00 
 2.4275000	 1.0000000E-00 
 2.4325000	 9.9999923E-01 
 2.4375000	 9.9999928E-01 
 2.4425000	 9.9999996E-01 
 2.4475000	 9.9999921E-01 
 2.4525000	 9.9999989E-01 
 2.4575000	 9.9999944E-01 
 2.4625000	 1.0000000E-00 
 2.4675000	 9.9999950E-01 
 2.4725000	 9.9999778E-01 
 2.4775000	 9.9999978E-01 
 2.4825000	 9.9999938E-01 
 2.4875000	 1.0000000E-00 
 2.4925000	 9.9999998E-01 
 2.4975000	 9.9999870E-01 
 2.5025000	 1.0000000E-00 
 2.5075000	 1.0000000E-00 
 2.5125000	 9.9999974E-01 
 2.5175000	 9.9999999E-01 
 2.5225000	 9.9999877E-01 
 2.5275000	 1.0000000E-00 
 2.5325000	 9.9999908E-01 
 2.5375000	 9.9999999E-01 
 2.5425000	 1.0000000E-00 
 2.5475000	 9.9999860E-01 
 2.5525000	 9.9999914E-01 
 2.5575000	 9.9999863E-01 
 2.5625000	 9.9999884E-01 
 2.5675000	 9.9999943E-01 
 2.5725000	 9.9999999E-01 
 2.5775000	 9.9999935E-01 
 2.5825000	 1.0000000E-00 
 2.5875000	 9.9999999E-01 
 2.5925000	 9.9999964E-01 
 2.5975000	 9.9999999E-01 
 2.6025000	 1.0000000E-00 
 2.6075000	 9.9999999E-01 
 2.6125000	 9.9999898E-01 
 2.6175000	 9.9999999E-01 
 2.6225000	 1.0000000E-00 
 2.6275000	 9.9999805E-01 
 2.6325000	 9.9999853E-01 
 2.6375000	 9.9999999E-01 
 2.6425000	 1.0000000E-00 
 2.6475000	 9.9999999E-01 
 2.6525000	 9.9999999E-01 
 2.6575000	 9.9999999E-01 
 2.6625000	 1.0000000E-00 
 2.6675000	 9.9999894E-01 
 2.6725000	 9.9999999E-01 
 2.6775000	 9.9999999E-01 
 2.6825000	 9.9999887E-01 
 2.6875000	 9.9999999E-01 
 2.6925000	 9.9999998E-01 
 2.6975000	 9.9999999E-01 
 2.7025000	 9.9999912E-01 
 2.7075000	 9.9999999E-01 
 2.7125000	 9.9999967E-01 
 2.7175000	 9.9999815E-01 
 2.7225000	 1.0000000E-00 
 2.7275000	 9.9999999E-01 
 2.7325000	 9.9999998E-01 
 2.7375000	 9.9999959E-01 
 2.7425000	 1.0000000E-00 
 2.7475000	 9.9999508E-01 
 2.7525000	 9.9999998E-01 
 2.7575000	 9.9999999E-01 
 2.7625000	 1.0000000E-00 
 2.7675000	 9.9999979E-01 
 2.7725000	 9.9999957E-01 
 2.7775000	 9.9999999E-01 
 2.7825000	 1.0000000E-00 
 2.7875000	 9.9999999E-01 
 2.7925000	 9.9999998E-01 
 2.7975000	 9.9999970E-01 
 2.8025000	 9.9999699E-01 
 2.8075000	 9.9999999E-01 
 2.8125000	 9.9999998E-01 
 2.8175000	 9.9999915E-01 
 2.8225000	 9.9999817E-01 
 2.8275000	 9.9999936E-01 
 2.8325000	 9.9999998E-01 
 2.8375000	 9.9999886E-01 
 2.8425000	 1.0000000E-00 
 2.8475000	 9.9999998E-01 
 2.8525000	 9.9999608E-01 
 2.8575000	 9.9999998E-01 
 2.8625000	 9.9999811E-01 
 2.8675000	 9.9999950E-01 
 2.8725000	 9.9999979E-01 
 2.8775000	 9.9999624E-01 
 2.8825000	 9.9999658E-01 
 2.8875000	 9.9999924E-01 
 2.8925000	 9.9999669E-01 
 2.8975000	 9.9999998E-01 
 2.9025000	 1.0000000E-00 
 2.9075000	 9.9999998E-01 
 2.9125000	 9.9999505E-01 
 2.9175000	 9.9999998E-01 
 2.9225000	 9.9999979E-01 
 2.9275000	 9.9999614E-01 
 2.9325000	 9.9999913E-01 
 2.9375000	 9.9999974E-01 
 2.9425000	 1.0000000E-00 
 2.9475000	 9.9999998E-01 
 2.9525000	 9.9999996E-01 
 2.9575000	 9.9999817E-01 
 2.9625000	 9.9999622E-01 
 2.9675000	 9.9999603E-01 
 2.9725000	 9.9999965E-01 
 2.9775000	 9.9999998E-01 
 2.9825000	 1.0000000E-00 
 2.9875000	 9.9999964E-01 
 2.9925000	 9.9999400E-01 
 2.9975000	 9.9999998E-01 
 3.0025000	 1.0000000E-00 
 3.0075000	 9.9999357E-01 
 3.0125000	 9.9999989E-01 
 3.0175000	 9.9999543E-01 
 3.0225000	 1.0000000E-00 
 3.0275000	 9.9999903E-01 
 3.0325000	 9.9999995E-01 
 3.0375000	 9.9999998E-01 
 3.0425000	 9.9999838E-01 
 3.0475000	 9.9999665E-01 
 3.0525000	 9.9999739E-01 
 3.0575000	 9.9999998E-01 
 3.0625000	 9.9998802E-01 
 3.0675000	 9.9999996E-01 
 3.0725000	 9.9999994E-01 
 3.0775000	 9.9999997E-01 
 3.0825000	 9.9999311E-01 
 3.0875000	 9.9999971E-01 
 3.0925000	 9.9998933E-01 
 3.0975000	 9.9999409E-01 
 3.1025000	 1.0000000E-00 
 3.1075000	 9.9999462E-01 
 3.1125000	 9.9999992E-01 
 3.1175000	 9.9999636E-01 
 3.1225000	 9.9999848E-01 
 3.1275000	 9.9999967E-01 
 3.1325000	 9.9999991E-01 
 3.1375000	 9.9999997E-01 
 3.1425000	 9.9999999E-01 
 3.1475000	 9.9999994E-01 
 3.1525000	 9.9999785E-01 
 3.1575000	 9.9999891E-01 
 3.1625000	 9.9999999E-01 
 3.1675000	 9.9999994E-01 
 3.1725000	 9.9999228E-01 
 3.1775000	 9.9999568E-01 
 3.1825000	 9.9999999E-01 
 3.1875000	 9.9999993E-01 
 3.1925000	 9.9999989E-01 
 3.1975000	 9.9999996E-01 
 3.2025000	 9.9999999E-01 
 3.2075000	 9.9999438E-01 
 3.2125000	 9.9999169E-01 
 3.2175000	 9.9999500E-01 
 3.2225000	 9.9999999E-01 
 3.2275000	 9.9999201E-01 
 3.2325000	 9.9999782E-01 
 3.2375000	 9.9999994E-01 
 3.2425000	 9.9999843E-01 
 3.2475000	 9.9999992E-01 
 3.2525000	 9.9999563E-01 
 3.2575000	 9.9999644E-01 
 3.2625000	 9.9999806E-01 
 3.2675000	 9.9999989E-01 
 3.2725000	 9.9999414E-01 
 3.2775000	 9.9999992E-01 
 3.2825000	 9.9999505E-01 
 3.2875000	 9.9999989E-01 
 3.2925000	 9.9999981E-01 
 3.2975000	 9.9999994E-01 
 3.3025000	 9.9999998E-01 
 3.3075000	 9.9999986E-01 
 3.3125000	 9.9999980E-01 
 3.3175000	 9.9999392E-01 
 3.3225000	 9.9999997E-01 
 3.3275000	 9.9999629E-01 
 3.3325000	 9.9999977E-01 
 3.3375000	 9.9999992E-01 
 3.3425000	 9.9998719E-01 
 3.3475000	 9.9999982E-01 
 3.3525000	 9.9999973E-01 
 3.3575000	 9.9997667E-01 
 3.3625000	 9.9999998E-01 
 3.3675000	 9.9999978E-01 
 3.3725000	 9.9999969E-01 
 3.3775000	 9.9999957E-01 
 3.3825000	 9.9999470E-01 
 3.3875000	 9.9999975E-01 
 3.3925000	 9.9999497E-01 
 3.3975000	 9.9999987E-01 
 3.4025000	 9.9999558E-01 
 3.4075000	 9.9999974E-01 
 3.4125000	 9.9999929E-01 
 3.4175000	 9.9999987E-01 
 3.4225000	 9.9999528E-01 
 3.4275000	 9.9999971E-01 
 3.4325000	 9.9999956E-01 
 3.4375000	 9.9999987E-01 
 3.4425000	 9.9999568E-01 
 3.4475000	 9.9999961E-01 
 3.4525000	 9.9999435E-01 
 3.4575000	 9.9997890E-01 
 3.4625000	 9.9999993E-01 
 3.4675000	 9.9997766E-01 
 3.4725000	 9.9999940E-01 
 3.4775000	 9.9999974E-01 
 3.4825000	 9.9999579E-01 
 3.4875000	 9.9999944E-01 
 3.4925000	 9.9998080E-01 
 3.4975000	 9.9997552E-01 
 3.5025000	 9.9999991E-01 
 3.5075000	 9.9998896E-01 
 3.5125000	 9.9999920E-01 
 3.5175000	 9.9999975E-01 
 3.5225000	 9.9999989E-01 
 3.5275000	 9.9996971E-01 
 3.5325000	 9.9999857E-01 
 3.5375000	 9.9999960E-01 
 3.5425000	 9.9999982E-01 
 3.5475000	 9.9999909E-01 
 3.5525000	 9.9999630E-01 
 3.5575000	 9.9999965E-01 
 3.5625000	 9.9997503E-01 
 3.5675000	 9.9999880E-01 
 3.5725000	 9.9999434E-01 
 3.5775000	 9.9998460E-01 
 3.5825000	 9.9999982E-01 
 3.5875000	 9.9997299E-01 
 3.5925000	 9.9998065E-01 
 3.5975000	 9.9996841E-01 
 3.6025000	 9.9995369E-01 
 3.6075000	 9.9999838E-01 
 3.6125000	 9.9999245E-01 
 3.6175000	 9.9997769E-01 
 3.6225000	 9.9999960E-01 
 3.6275000	 9.9999664E-01 
 3.6325000	 9.9999736E-01 
 3.6375000	 9.9999918E-01 
 3.6425000	 9.9999970E-01 
 3.6475000	 9.9999723E-01 
 3.6525000	 9.9999695E-01 
 3.6575000	 9.9998118E-01 
 3.6625000	 9.9999949E-01 
 3.6675000	 9.9999653E-01 
 3.6725000	 9.9998821E-01 
 3.6775000	 9.9999884E-01 
 3.6825000	 9.9999897E-01 
 3.6875000	 9.9998461E-01 
 3.6925000	 9.9998344E-01 
 3.6975000	 9.9998781E-01 
 3.7025000	 9.9998701E-01 
 3.7075000	 9.9999096E-01 
 3.7125000	 9.9999261E-01 
 3.7175000	 9.9997518E-01 
 3.7225000	 9.9993966E-01 
 3.7275000	 9.9997915E-01 
 3.7325000	 9.9999008E-01 
 3.7375000	 9.9996742E-01 
 3.7425000	 9.9976267E-01 
 3.7475000	 9.9998964E-01 
 3.7525000	 9.9998674E-01 
 3.7575000	 9.9999639E-01 
 3.7625000	 9.9993323E-01 
 3.7675000	 9.9998483E-01 
 3.7725000	 9.9998223E-01 
 3.7775000	 9.9989697E-01 
 3.7825000	 9.9991311E-01 
 3.7875000	 9.9997594E-01 
 3.7925000	 9.9992693E-01 
 3.7975000	 9.9999289E-01 
 3.8025000	 9.9983283E-01 
 3.8075000	 9.9996470E-01 
 3.8125000	 9.9995709E-01 
 3.8175000	 9.9981967E-01 
 3.8225000	 9.9998744E-01 
 3.8275000	 9.9978554E-01 
 3.8325000	 9.9992900E-01 
 3.8375000	 9.9981756E-01 
 3.8425000	 9.9994255E-01 
 3.8475000	 9.9942108E-01 
 3.8525000	 9.9988234E-01 
 3.8575000	 9.9952000E-01 
 3.8625000	 9.9981992E-01 
 3.8675000	 9.9981748E-01 
 3.8725000	 9.9977632E-01 
 3.8775000	 9.9919623E-01 
 3.8825000	 9.9931170E-01 
 3.8875000	 9.9964964E-01 
 3.8925000	 9.9952216E-01 
 3.8975000	 9.9947144E-01 
 3.9025000	 9.9984141E-01 
 3.9075000	 9.9878952E-01 
 3.9125000	 9.9874196E-01 
 3.9175000	 9.9964796E-01 
 3.9225000	 9.9962081E-01 
 3.9275000	 9.9703716E-01 
 3.9325000	 9.9281890E-01 
 3.9375000	 9.9575517E-01 
 3.9425000	 9.9628796E-01 
 3.9475000	 9.8604417E-01 
 3.9525000	 9.6974116E-01 
 3.9575000	 9.6372300E-01 
 3.9625000	 9.9632114E-01 
 3.9675000	 9.4074480E-01 
 3.9725000	 6.9069740E-01 
 3.9775000	 1.3826666E-01 
 3.9825000	-5.9765384E-01 
 3.9875000	-7.9295603E-01 
 3.9925000	-6.7161376E-01 
 3.9975000	-3.0582252E-01 
 4.0025000	 2.7965747E-01 
 4.0075000	 7.6128649E-01 
 4.0125000	 9.6647891E-01 
 4.0175000	 9.8799631E-01 
 4.0225000	 9.6789286E-01 
 4.0275000	 9.7116043E-01 
 4.0325000	 9.8866202E-01 
 4.0375000	 9.9932289E-01 
 4.0425000	 9.9499019E-01 
 4.0475000	 9.9422311E-01 
 4.0525000	 9.9796305E-01 
 4.0575000	 9.9841553E-01 
 4.0625000	 9.9933549E-01 
 4.0675000	 9.9759394E-01 
 4.0725000	 9.9940236E-01 
 4.0775000	 9.9948677E-01 
 4.0825000	 9.9977342E-01 
 4.0875000	 9.9950521E-01 
 4.0925000	 9.9910955E-01 
 4.0975000	 9.9995561E-01 
 4.1025000	 9.9991661E-01 
 4.1075000	 9.9976591E-01 
 4.1125000	 9.9946821E-01 
 4.1175000	 9.9998773E-01 
 4.1225000	 9.9985569E-01 
 4.1275000	 9.9987665E-01 
 4.1325000	 9.9993346E-01 
 4.1375000	 9.9999501E-01 
 4.1425000	 9.9996902E-01 
 4.1475000	 9.9992687E-01 
 4.1525000	 9.9976550E-01 
 4.1575000	 9.9984936E-01 
 4.1625000	 9.9998010E-01 
 4.1675000	 9.9995501E-01 
 4.1725000	 9.9987599E-01 
 4.1775000	 9.9986238E-01 
 4.1825000	 9.9956631E-01 
 4.1875000	 9.9993825E-01 
 4.1925000	 9.9998112E-01 
 4.1975000	 9.9998599E-01 
 4.2025000	 9.9999019E-01 
 4.2075000	 9.9986184E-01 
 4.2125000	 9.9991473E-01 
 4.2175000	 9.9996388E-01 
 4.2225000	 9.9979917E-01 
 4.2275000	 9.9993451E-01 
 4.2325000	 9.9999077E-01 
 4.2375000	 9.9999322E-01 
 4.2425000	 9.9999606E-01 
 4.2475000	 9.9997884E-01 
 4.2525000	 9.9984575E-01 
 4.2575000	 9.9999926E-01 
 4.2625000	 9.9996890E-01 
 4.2675000	 9.9999242E-01 
 4.2725000	 9.9993763E-01 
 4.2775000	 9.9999919E-01 
 4.2825000	 9.9999767E-01 
 4.2875000	 9.9991552E-01 
 4.2925000	 9.9999691E-01 
 4.2975000	 9.9999951E-01 
 4.3025000	 9.9997906E-01 
 4.3075000	 9.9999159E-01 
 4.3125000	 9.9995397E-01 
 4.3175000	 9.9994015E-01 
 4.3225000	 9.9995815E-01 
 4.3275000	 9.9994514E-01 
 4.3325000	 9.9999797E-01 
 4.3375000	 9.9995869E-01 
 4.3425000	 9.9999900E-01 
 4.3475000	 9.9995080E-01 
 4.3525000	 9.9997177E-01 
 4.3575000	 9.9999251E-01 
 4.3625000	 9.9999914E-01 
 4.3675000	 9.9996651E-01 
 4.3725000	 9.9995745E-01 
 4.3775000	 9.9996696E-01 
 4.3825000	 9.9999946E-01 
 4.3875000	 9.9998405E-01 
 4.3925000	 9.9999883E-01 
 4.3975000	 9.9999993E-01 
 4.4025000	 9.9995888E-01 
 4.4075000	 9.9992596E-01 
 4.4125000	 9.9999905E-01 
 4.4175000	 9.9999988E-01 
 4.4225000	 9.9999949E-01 
 4.4275000	 9.9999874E-01 
 4.4325000	 9.9999494E-01 
 4.4375000	 9.9997153E-01 
 4.4425000	 9.9999959E-01 
 4.4475000	 9.9995938E-01 
 4.4525000	 9.9999934E-01 
 4.4575000	 9.9999995E-01 
 4.4625000	 9.9996822E-01 
 4.4675000	 9.9997979E-01 
 4.4725000	 9.9999948E-01 
 4.4775000	 9.9999993E-01 
 4.4825000	 9.9999961E-01 
 4.4875000	 9.9995203E-01 
 4.4925000	 9.9995213E-01 
 4.4975000	 9.9998681E-01 
 4.5025000	 9.9999966E-01 
 4.5075000	 9.9999935E-01 
 4.5125000	 9.9999965E-01 
 4.5175000	 9.9999996E-01 
 4.5225000	 9.9993061E-01 
 4.5275000	 9.9999061E-01 
 4.5325000	 9.9999966E-01 
 4.5375000	 9.9999997E-01 
 4.5425000	 9.9999976E-01 
 4.5475000	 9.9999953E-01 
 4.5525000	 9.9999976E-01 
 4.5575000	 9.9998305E-01 
 4.5625000	 9.9999980E-01 
 4.5675000	 9.9999959E-01 
 4.5725000	 9.9998796E-01 
 4.5775000	 9.9999382E-01 
 4.5825000	 9.9999984E-01 
 4.5875000	 9.9997699E-01 
 4.5925000	 9.9999883E-01 
 4.5975000	 9.9999999E-01 
 4.6025000	 9.9999986E-01 
 4.6075000	 9.9999969E-01 
 4.6125000	 9.9999984E-01 
 4.6175000	 9.9996074E-01 
 4.6225000	 9.9999950E-01 
 4.6275000	 9.9999974E-01 
 4.6325000	 9.9999983E-01 
 4.6375000	 9.9999269E-01 
 4.6425000	 9.9999985E-01 
 4.6475000	 9.9999976E-01 
 4.6525000	 9.9999982E-01 
 4.6575000	 9.9999999E-01 
 4.6625000	 9.9997977E-01 
 4.6675000	 9.9999979E-01 
 4.6725000	 9.9999987E-01 
 4.6775000	 9.9999849E-01 
 4.6825000	 9.9999991E-01 
 4.6875000	 9.9999981E-01 
 4.6925000	 9.9999792E-01 
 4.6975000	 9.9999730E-01 
 4.7025000	 9.9998908E-01 
 4.7075000	 9.9999983E-01 
 4.7125000	 9.9999992E-01 
 4.7175000	 9.9999999E-01 
 4.7225000	 9.9999569E-01 
 4.7275000	 9.9999409E-01 
 4.7325000	 9.9999992E-01 
 4.7375000	 9.9999999E-01 
 4.7425000	 9.9999992E-01 
 4.7475000	 9.9999987E-01 
 4.7525000	 9.9999599E-01 
 4.7575000	 9.9999999E-01 
 4.7625000	 9.9999292E-01 
 4.7675000	 9.9998794E-01 
 4.7725000	 9.9999994E-01 
 4.7775000	 9.9999311E-01 
 4.7825000	 9.9998976E-01 
 4.7875000	 9.9999986E-01 
 4.7925000	 9.9999995E-01 
 4.7975000	 9.9998076E-01 
 4.8025000	 9.9999994E-01 
 4.8075000	 9.9999990E-01 
 4.8125000	 9.9999995E-01 
 4.8175000	 9.9999036E-01 
 4.8225000	 9.9999995E-01 
 4.8275000	 9.9998795E-01 
 4.8325000	 9.9997887E-01 
 4.8375000	 1.0000000E-00 
 4.8425000	 9.9999909E-01 
 4.8475000	 9.9999451E-01 
 4.8525000	 9.9999669E-01 
 4.8575000	 9.9999269E-01 
 4.8625000	 9.9999996E-01 
 4.8675000	 9.9999992E-01 
 4.8725000	 9.9999997E-01 
 4.8775000	 1.0000000E-00 
 4.8825000	 9.9999997E-01 
 4.8875000	 9.9999993E-01 
 4.8925000	 9.9999997E-01 
 4.8975000	 9.9998756E-01 
 4.9025000	 9.9999144E-01 
 4.9075000	 9.9999994E-01 
 4.9125000	 9.9999998E-01 
 4.9175000	 9.9998886E-01 
 4.9225000	 9.9999832E-01 
 4.9275000	 9.9999994E-01 
 4.9325000	 9.9999997E-01 
 4.9375000	 1.0000000E-00 
 4.9425000	 9.9999985E-01 
 4.9475000	 9.9999995E-01 
 4.9525000	 9.9999507E-01 
 4.9575000	 9.9999719E-01 
 4.9625000	 9.9999997E-01 
 4.9675000	 9.9998381E-01 
 4.9725000	 9.9998528E-01 
 4.9775000	 1.0000000E-00 
 4.9825000	 9.9999555E-01 
 4.9875000	 9.9999994E-01 
 4.9925000	 9.9999568E-01 
 4.9975000	 1.0000000E-00 
 5.0025000	 9.9999917E-01 
 5.0075000	 9.9999996E-01 
 5.0125000	 9.9999963E-01 
 5.0175000	 9.9999943E-01 
 5.0225000	 9.9999997E-01 
 5.0275000	 9.9999996E-01 
 5.0325000	 9.9998577E-01 
 5.0375000	 9.9999588E-01 
 5.0425000	 9.9999998E-01 
 5.0475000	 9.9999997E-01 
 5.0525000	 9.9999999E-01 
 5.0575000	 1.0000000E-00 
 5.0625000	 9.9999978E-01 
 5.0675000	 9.9999534E-01 
 5.0725000	 9.9999824E-01 
 5.0775000	 1.0000000E-00 
 5.0825000	 9.9998625E-01 
 5.0875000	 9.9999284E-01 
 5.0925000	 9.9999999E-01 
 5.0975000	 9.9998491E-01 
 5.1025000	 9.9998810E-01 
 5.1075000	 9.9999296E-01 
 5.1125000	 9.9999999E-01 
 5.1175000	 9.9999569E-01 
 5.1225000	 9.9999996E-01 
 5.1275000	 9.9999637E-01 
 5.1325000	 9.9999348E-01 
 5.1375000	 9.9997051E-01 
 5.1425000	 9.9999998E-01 
 5.1475000	 9.9998940E-01 
 5.1525000	 9.9999999E-01 
 5.1575000	 9.9999998E-01 
 5.1625000	 9.9998826E-01 
 5.1675000	 9.9998210E-01 
 5.1725000	 9.9999999E-01 
 5.1775000	 9.9999252E-01 
 5.1825000	 9.9999999E-01 
 5.1875000	 9.9999180E-01 
 5.1925000	 9.9999999E-01 
 5.1975000	 1.0000000E-00 
 5.2025000	 9.9999999E-01 
 5.2075000	 9.9999998E-01 
 5.2125000	 9.9999999E-01 
 5.2175000	 1.0000000E-00 
 5.2225000	 9.9999999E-01 
 5.2275000	 9.9999927E-01 
 5.2325000	 9.9999717E-01 
 5.2375000	 9.9999473E-01 
 5.2425000	 9.9999998E-01 
 5.2475000	 9.9999998E-01 
 5.2525000	 9.9999644E-01 
 5.2575000	 1.0000000E-00 
 5.2625000	 9.9999704E-01 
 5.2675000	 9.9999998E-01 
 5.2725000	 9.9999992E-01 
 5.2775000	 1.0000000E-00 
 5.2825000	 9.9999446E-01 
 5.2875000	 9.9999998E-01 
 5.2925000	 1.0000000E-00 
 5.2975000	 1.0000000E-00 
 5.3025000	 9.9999999E-01 
 5.3075000	 9.9999999E-01 
 5.3125000	 1.0000000E-00 
 5.3175000	 9.9999400E-01 
 5.3225000	 9.9999999E-01 
 5.3275000	 9.9999999E-01 
 5.3325000	 1.0000000E-00 
 5.3375000	 1.0000000E-00 
 5.3425000	 9.9999988E-01 
 5.3475000	 9.9999726E-01 
 5.3525000	 9.9999363E-01 
 5.3575000	 1.0000000E-00 
 5.3625000	 9.9999999E-01 
 5.3675000	 9.9999654E-01 
 5.3725000	 9.9999680E-01 
 5.3775000	 9.9999760E-01 
 5.3825000	 9.9999999E-01 
 5.3875000	 9.9999948E-01 
 5.3925000	 9.9999527E-01 
 5.3975000	 9.9999606E-01 
 5.4025000	 9.9999754E-01 
 5.4075000	 9.9999999E-01 
 5.4125000	 9.9999400E-01 
 5.4175000	 1.0000000E-00 
 5.4225000	 9.9999999E-01 
 5.4275000	 9.9999124E-01 
 5.4325000	 9.9999762E-01 
 5.4375000	 1.0000000E-00 
 5.4425000	 9.9999999E-01 
 5.4475000	 9.9999999E-01 
 5.4525000	 9.9998774E-01 
 5.4575000	 9.9999794E-01 
 5.4625000	 9.9999999E-01 
 5.4675000	 9.9999999E-01 
 5.4725000	 9.9999552E-01 
 5.4775000	 9.9999946E-01 
 5.4825000	 9.9999652E-01 
 5.4875000	 9.9999016E-01 
 5.4925000	 9.9999903E-01 
 5.4975000	 1.0000000E-00 
 5.5025000	 9.9999650E-01 
 5.5075000	 9.9999999E-01 
 5.5125000	 1.0000000E-00 
 5.5175000	 9.9999580E-01 
 5.5225000	 9.9999999E-01 
 5.5275000	 9.9999986E-01 
 5.5325000	 9.9999237E-01 
 5.5375000	 9.9999633E-01 
 5.5425000	 9.9999999E-01 
 5.5475000	 9.9999981E-01 
 5.5525000	 1.0000000E-00 
 5.5575000	 9.9999505E-01 
 5.5625000	 9.9999999E-01 
 5.5675000	 9.9999999E-01 
 5.5725000	 1.0000000E-00 
 5.5775000	 9.9999683E-01 
 5.5825000	 9.9999999E-01 
 5.5875000	 9.9999999E-01 
 5.5925000	 1.0000000E-00 
 5.5975000	 1.0000000E-00 
 5.6025000	 9.9999999E-01 
 5.6075000	 9.9999983E-01 
 5.6125000	 1.0000000E-00 
 5.6175000	 1.0000000E-00 
 5.6225000	 9.9999975E-01 
 5.6275000	 1.0000000E-00 
 5.6325000	 1.0000000E-00 
 5.6375000	 1.0000000E-00 
 5.6425000	 1.0000000E-00 
 5.6475000	 9.9999533E-01 
 5.6525000	 9.9999627E-01 
 5.6575000	 9.9999988E-01 
 5.6625000	 9.9999619E-01 
 5.6675000	 1.0000000E-00 
 5.6725000	 9.9999762E-01 
 5.6775000	 9.9999424E-01 
 5.6825000	 9.9999104E-01 
 5.6875000	 1.0000000E-00 
 5.6925000	 1.0000000E-00 
 5.6975000	 1.0000000E-00 
 5.7025000	 1.0000000E-00 
 5.7075000	 1.0000000E-00 
 5.7125000	 9.9999177E-01 
 5.7175000	 1.0000000E-00 
 5.7225000	 9.9999641E-01 
 5.7275000	 9.9999384E-01 
 5.7325000	 1.0000000E-00 
 5.7375000	 9.9999563E-01 
 5.7425000	 9.9999620E-01 
 5.7475000	 9.9999949E-01 
 5.7525000	 9.9999757E-01 
 5.7575000	 9.9999299E-01 
 5.7625000	 9.9999865E-01 
 5.7675000	 9.9999359E-01 
 5.7725000	 1.0000000E-00 
 5.7775000	 1.0000000E-00 
 5.7825000	 9.9999838E-01 
 5.7875000	 9.9999950E-01 
 5.7925000	 1.0000000E-00 
 5.7975000	 9.9999997E-01 
 5.8025000	 1.0000000E-00 
 5.8075000	 9.9999710E-01 
 5.8125000	 9.9999440E-01 
 5.8175000	 9.9999873E-01 
 5.8225000	 9.9999473E-01 
 5.8275000	 9.9999942E-01 
 5.8325000	 1.0000000E-00 
 5.8375000	 9.9999711E-01 
 5.8425000	 9.9999855E-01 
 5.8475000	 9.9999878E-01 
 5.8525000	 1.0000000E-00 
 5.8575000	 9.9999980E-01 
 5.8625000	 1.0000000E-00 
 5.8675000	 1.0000000E-00 
 5.8725000	 1.0000000E-00 
 5.8775000	 1.0000000E-00 
 5.8825000	 9.9999901E-01 
 5.8875000	 9.9999662E-01 
 5.8925000	 9.9999258E-01 
 5.8975000	 9.9999621E-01 
 5.9025000	 1.0000000E-00 
 5.9075000	 1.0000000E-00 
 5.9125000	 9.9999569E-01 
 5.9175000	 9.9999870E-01 
 5.9225000	 1.0000000E-00 
 5.9275000	 9.9999984E-01 
 5.9325000	 9.9999905E-01 
 5.9375000	 1.0000000E-00 
 5.9425000	 1.0000000E-00 
 5.9475000	 1.0000000E-00 
 5.9525000	 1.0000000E-00 
 5.9575000	 9.9999853E-01 
 5.9625000	 1.0000000E-00 
 5.9675000	 1.0000000E-00 
 5.9725000	 1.0000000E-00 
 5.9775000	 1.0000000E-00 
 5.9825000	 1.0000000E-00 
 5.9875000	 9.9999678E-01 
 5.9925000	 1.0000000E-00 
 5.9975000	 9.9999452E-01 
