 1.0025000	-1.2126670E-05 
 1.0075000	-7.2167800E-07 
 1.0125000	-9.8080035E-05 
 1.0175000	-2.0907929E-05 
 1.0225000	-1.3628548E-05 
 1.0275000	 5.5170206E-05 
 1.0325000	-4.5785605E-06 
 1.0375000	-2.0338512E-05 
 1.0425000	 3.1345689E-05 
 1.0475000	 1.2753599E-04 
 1.0525000	 9.5611520E-05 
 1.0575000	-2.0646652E-05 
 1.0625000	-1.0280893E-05 
 1.0675000	 6.2821164E-08 
 1.0725000	-7.2354809E-06 
 1.0775000	-2.2282384E-05 
 1.0825000	 6.6432023E-05 
 1.0875000	-1.5556020E-05 
 1.0925000	-9.3297527E-06 
 1.0975000	-2.1915971E-05 
 1.1025000	-7.7587736E-05 
 1.1075000	-2.2636619E-05 
 1.1125000	 4.5173123E-06 
 1.1175000	-1.8305184E-05 
 1.1225000	-1.8346122E-05 
 1.1275000	 4.2702210E-05 
 1.1325000	-8.5400065E-06 
 1.1375000	 1.0280028E-04 
 1.1425000	-1.9364632E-04 
 1.1475000	-5.8725177E-07 
 1.1525000	 2.6206672E-05 
 1.1575000	-2.3408891E-05 
 1.1625000	-1.0487762E-04 
 1.1675000	-6.0528775E-07 
 1.1725000	-1.0664160E-05 
 1.1775000	 8.0119528E-05 
 1.1825000	-6.6107756E-05 
 1.1875000	 1.4173130E-05 
 1.1925000	-8.2155605E-06 
 1.1975000	-1.0508073E-04 
 1.2025000	-1.4443467E-04 
 1.2075000	-1.3039467E-06 
 1.2125000	-2.6662787E-05 
 1.2175000	-2.5036746E-05 
 1.2225000	 3.7671704E-06 
 1.2275000	 2.3622072E-07 
 1.2325000	 2.1152099E-04 
 1.2375000	-2.5206464E-05 
 1.2425000	-6.9529765E-05 
 1.2475000	 8.9802594E-05 
 1.2525000	-8.1126292E-06 
 1.2575000	 1.5694586E-04 
 1.2625000	 1.1907932E-04 
 1.2675000	 5.2201729E-05 
 1.2725000	-9.6236199E-06 
 1.2775000	-4.8134958E-05 
 1.2825000	-6.5770845E-06 
 1.2875000	 1.7334852E-04 
 1.2925000	 5.4596646E-06 
 1.2975000	 8.3420803E-05 
 1.3025000	-8.9499626E-05 
 1.3075000	-7.8522987E-07 
 1.3125000	-1.1996094E-05 
 1.3175000	-1.2347163E-04 
 1.3225000	-1.4255187E-05 
 1.3275000	 1.0964696E-06 
 1.3325000	-1.1589363E-05 
 1.3375000	-2.7503673E-05 
 1.3425000	-1.8347507E-05 
 1.3475000	-1.3387745E-07 
 1.3525000	-1.1280202E-05 
 1.3575000	-2.8690628E-05 
 1.3625000	-2.0644549E-05 
 1.3675000	-8.6232467E-05 
 1.3725000	-7.6868074E-06 
 1.3775000	-2.9074523E-05 
 1.3825000	-1.8642409E-05 
 1.3875000	 8.5207386E-07 
 1.3925000	-3.1241150E-05 
 1.3975000	 9.3164149E-05 
 1.4025000	-9.4107449E-05 
 1.4075000	 1.8645662E-05 
 1.4125000	-1.4612736E-05 
 1.4175000	-4.2078470E-05 
 1.4225000	-1.3786145E-04 
 1.4275000	 1.3624871E-06 
 1.4325000	-1.3432016E-05 
 1.4375000	-1.1243848E-04 
 1.4425000	-1.6587986E-05 
 1.4475000	-4.7386109E-05 
 1.4525000	 1.0700688E-05 
 1.4575000	-3.0385570E-05 
 1.4625000	 2.9658916E-06 
 1.4675000	 2.0628934E-06 
 1.4725000	 3.4441471E-07 
 1.4775000	-3.5028304E-05 
 1.4825000	-1.9776980E-05 
 1.4875000	 1.1724410E-07 
 1.4925000	-1.0221494E-05 
 1.4975000	-3.2409166E-05 
 1.5025000	 4.4541080E-05 
 1.5075000	 4.7468726E-05 
 1.5125000	-1.3190496E-04 
 1.5175000	-3.2794553E-05 
 1.5225000	 1.4269177E-04 
 1.5275000	 1.1427579E-06 
 1.5325000	-1.4895665E-05 
 1.5375000	-3.5069515E-05 
 1.5425000	-1.3614725E-05 
 1.5475000	 8.7515881E-06 
 1.5525000	-1.4956078E-04 
 1.5575000	 3.6328341E-05 
 1.5625000	-1.5309369E-04 
 1.5675000	 1.0870038E-04 
 1.5725000	-1.7329589E-05 
 1.5775000	 2.9337337E-05 
 1.5825000	-2.0133034E-05 
 1.5875000	 6.7483933E-05 
 1.5925000	 2.8865578E-05 
 1.5975000	-3.7731526E-05 
 1.6025000	-3.5515536E-05 
 1.6075000	-1.8878683E-04 
 1.6125000	-1.8848089E-05 
 1.6175000	-3.7975113E-05 
 1.6225000	-1.7567229E-05 
 1.6275000	 2.7129398E-06 
 1.6325000	-1.4872145E-05 
 1.6375000	-2.3249632E-05 
 1.6425000	-1.9950898E-05 
 1.6475000	-1.0226581E-04 
 1.6525000	 3.6965560E-05 
 1.6575000	-1.5933785E-04 
 1.6625000	-7.0517224E-05 
 1.6675000	-1.8016616E-04 
 1.6725000	-1.8119335E-05 
 1.6775000	-7.0506576E-05 
 1.6825000	-2.0110295E-05 
 1.6875000	 2.0346026E-06 
 1.6925000	 1.1389293E-04 
 1.6975000	-1.7953969E-05 
 1.7025000	-1.9278417E-05 
 1.7075000	 2.3833583E-05 
 1.7125000	-2.2592492E-05 
 1.7175000	-4.2014773E-05 
 1.7225000	-2.8245575E-04 
 1.7275000	-3.0162893E-04 
 1.7325000	-1.8567778E-05 
 1.7375000	-4.1358684E-05 
 1.7425000	 1.5542570E-05 
 1.7475000	-2.0887374E-04 
 1.7525000	-2.2510042E-05 
 1.7575000	-4.2871127E-05 
 1.7625000	 6.1618215E-05 
 1.7675000	 1.4820038E-04 
 1.7725000	-1.8324134E-05 
 1.7775000	-4.2446229E-05 
 1.7825000	-2.5079517E-05 
 1.7875000	 3.7856095E-05 
 1.7925000	-2.5584815E-05 
 1.7975000	-1.9447677E-04 
 1.8025000	-7.0074555E-05 
 1.8075000	-9.5138278E-05 
 1.8125000	-4.2522954E-05 
 1.8175000	-4.5775392E-05 
 1.8225000	-2.1339575E-05 
 1.8275000	 5.8337956E-05 
 1.8325000	-1.7150498E-05 
 1.8375000	 7.4463533E-05 
 1.8425000	 1.0960296E-04 
 1.8475000	 5.5053281E-06 
 1.8525000	-1.1001931E-05 
 1.8575000	-1.2218927E-04 
 1.8625000	-1.3049063E-04 
 1.8675000	 2.3146472E-05 
 1.8725000	-2.3223138E-05 
 1.8775000	-4.2948279E-05 
 1.8825000	-1.3982344E-04 
 1.8875000	-7.0790451E-06 
 1.8925000	-1.4283163E-04 
 1.8975000	-4.8200918E-05 
 1.9025000	-1.8843841E-05 
 1.9075000	 5.6242829E-06 
 1.9125000	-3.4051742E-05 
 1.9175000	-5.1607829E-05 
 1.9225000	-4.0577245E-05 
 1.9275000	 5.5445354E-06 
 1.9325000	 1.9294131E-04 
 1.9375000	-1.6699248E-04 
 1.9425000	-4.3599485E-05 
 1.9475000	-3.0687430E-05 
 1.9525000	 2.8964926E-05 
 1.9575000	 9.6611033E-05 
 1.9625000	-1.9750013E-05 
 1.9675000	-1.1239456E-04 
 1.9725000	-1.9405832E-04 
 1.9775000	-5.6389223E-05 
 1.9825000	-2.8046356E-05 
 1.9875000	 2.2043169E-04 
 1.9925000	-2.1975675E-05 
 1.9975000	-5.5771032E-05 
 2.0025000	-2.7151572E-05 
 2.0075000	 1.2468633E-04 
 2.0125000	-3.1618925E-05 
 2.0175000	 5.2760495E-05 
 2.0225000	-2.6520796E-05 
 2.0275000	 8.7652801E-06 
 2.0325000	-2.8452868E-05 
 2.0375000	-4.6342902E-05 
 2.0425000	-9.7060750E-06 
 2.0475000	-1.5938285E-04 
 2.0525000	-2.8807634E-05 
 2.0575000	-3.5932536E-04 
 2.0625000	 4.3714852E-05 
 2.0675000	 7.1431354E-06 
 2.0725000	-3.4260368E-04 
 2.0775000	-6.2656053E-05 
 2.0825000	-2.7501455E-04 
 2.0875000	-1.3475486E-06 
 2.0925000	 1.4830480E-04 
 2.0975000	-6.0648471E-05 
 2.1025000	 3.6947945E-05 
 2.1075000	 7.0748323E-06 
 2.1125000	-3.5888994E-05 
 2.1175000	 1.4898855E-04 
 2.1225000	-2.3673694E-04 
 2.1275000	 8.9486683E-06 
 2.1325000	-2.7320014E-05 
 2.1375000	-3.9057184E-04 
 2.1425000	-1.7076830E-05 
 2.1475000	 1.1667729E-05 
 2.1525000	-4.3128286E-04 
 2.1575000	-6.5156611E-05 
 2.1625000	 1.8204441E-05 
 2.1675000	-1.4382991E-04 
 2.1725000	-3.6917203E-05 
 2.1775000	-1.1385874E-04 
 2.1825000	-6.9269253E-06 
 2.1875000	 9.1489340E-06 
 2.1925000	 1.4686994E-04 
 2.1975000	-1.2989324E-04 
 2.2025000	-3.8469224E-05 
 2.2075000	-2.9728016E-04 
 2.2125000	-4.6579046E-04 
 2.2175000	-6.9743375E-05 
 2.2225000	-1.4706719E-05 
 2.2275000	 1.0366403E-05 
 2.2325000	-6.4818995E-05 
 2.2375000	-1.2049225E-04 
 2.2425000	-1.9687718E-05 
 2.2475000	 1.3798506E-04 
 2.2525000	-3.7680508E-05 
 2.2575000	-7.0279266E-05 
 2.2625000	-8.8519873E-05 
 2.2675000	 1.1683897E-05 
 2.2725000	-3.1723290E-05 
 2.2775000	-7.4975005E-05 
 2.2825000	-1.9388678E-05 
 2.2875000	 5.1535761E-05 
 2.2925000	-4.5887387E-05 
 2.2975000	-7.4894495E-05 
 2.3025000	 2.6485251E-04 
 2.3075000	 1.4155001E-05 
 2.3125000	-3.8501588E-05 
 2.3175000	-7.6216638E-05 
 2.3225000	-1.0127382E-04 
 2.3275000	 1.8137052E-05 
 2.3325000	-1.0001502E-04 
 2.3375000	-7.8740460E-05 
 2.3425000	-2.4151244E-05 
 2.3475000	 9.8416973E-06 
 2.3525000	-3.8671404E-05 
 2.3575000	-8.2032773E-05 
 2.3625000	-2.0864786E-05 
 2.3675000	 1.3676452E-05 
 2.3725000	-4.9461387E-05 
 2.3775000	-7.9366890E-05 
 2.3825000	-1.0026127E-05 
 2.3875000	 2.6727741E-05 
 2.3925000	-4.4875978E-05 
 2.3975000	-8.1982127E-05 
 2.4025000	-1.5382377E-05 
 2.4075000	-1.2590692E-04 
 2.4125000	-4.5490394E-05 
 2.4175000	-5.5391618E-05 
 2.4225000	-2.0371214E-05 
 2.4275000	 1.5334800E-05 
 2.4325000	 1.1021711E-04 
 2.4375000	-5.6146708E-05 
 2.4425000	-2.8557269E-05 
 2.4475000	 2.8247571E-04 
 2.4525000	-7.2979905E-05 
 2.4575000	 1.5195820E-05 
 2.4625000	-6.4855448E-06 
 2.4675000	-4.1339501E-05 
 2.4725000	-6.0320004E-04 
 2.4775000	-2.0350536E-04 
 2.4825000	-1.5576453E-04 
 2.4875000	 2.2974271E-05 
 2.4925000	-2.0930061E-05 
 2.4975000	-4.1755622E-04 
 2.5025000	-1.3512844E-05 
 2.5075000	 1.8919898E-05 
 2.5125000	-2.3396629E-04 
 2.5175000	-9.5087801E-05 
 2.5225000	-3.2461191E-04 
 2.5275000	 2.3046441E-05 
 2.5325000	-3.2800468E-04 
 2.5375000	-9.6893815E-05 
 2.5425000	-2.1404003E-05 
 2.5475000	-4.2861717E-04 
 2.5525000	-2.8647694E-04 
 2.5575000	-1.3365132E-04 
 2.5625000	 2.5087329E-04 
 2.5675000	-1.7225944E-04 
 2.5725000	-6.1228139E-05 
 2.5775000	 3.7307920E-05 
 2.5825000	-1.2519453E-05 
 2.5875000	 2.3888303E-05 
 2.5925000	-2.0325789E-04 
 2.5975000	-1.0580402E-04 
 2.6025000	-2.7149526E-05 
 2.6075000	 2.1844382E-05 
 2.6125000	-3.6512599E-04 
 2.6175000	-1.0702255E-04 
 2.6225000	-1.8630405E-05 
 2.6275000	-4.1359343E-04 
 2.6325000	 9.4676237E-05 
 2.6375000	-1.0802683E-04 
 2.6425000	-1.3970255E-05 
 2.6475000	 3.1888095E-05 
 2.6525000	-5.5688534E-05 
 2.6575000	-1.1330593E-04 
 2.6625000	-1.4619054E-05 
 2.6675000	 3.1389035E-04 
 2.6725000	-6.3880996E-05 
 2.6775000	-1.1184300E-04 
 2.6825000	 3.5150514E-05 
 2.6875000	 3.4710864E-05 
 2.6925000	-7.4876236E-05 
 2.6975000	-1.2289945E-04 
 2.7025000	-5.4705713E-05 
 2.7075000	 3.5445138E-05 
 2.7125000	 1.0728335E-04 
 2.7175000	-4.8390987E-04 
 2.7225000	-2.3950016E-05 
 2.7275000	 3.5462452E-05 
 2.7325000	-8.1596283E-05 
 2.7375000	-3.0838466E-04 
 2.7425000	-1.7436378E-05 
 2.7475000	-5.6889204E-04 
 2.7525000	-9.5228453E-05 
 2.7575000	-1.3073066E-04 
 2.7625000	-1.1859846E-05 
 2.7675000	 1.0868460E-04 
 2.7725000	 1.7294886E-04 
 2.7775000	-1.3172596E-04 
 2.7825000	-1.5425019E-05 
 2.7875000	 2.5344856E-05 
 2.7925000	-8.8018980E-05 
 2.7975000	-1.9385626E-04 
 2.8025000	-1.2440733E-04 
 2.8075000	 3.5389761E-05 
 2.8125000	-6.9843438E-05 
 2.8175000	-3.1769148E-04 
 2.8225000	 1.9337162E-04 
 2.8275000	 1.9816899E-04 
 2.8325000	-1.0291024E-04 
 2.8375000	 2.7033897E-05 
 2.8425000	-1.6540897E-05 
 2.8475000	 3.7236816E-05 
 2.8525000	 7.4584272E-04 
 2.8575000	-1.5710527E-04 
 2.8625000	-7.3552144E-05 
 2.8675000	-7.8612932E-05 
 2.8725000	 3.1558758E-05 
 2.8775000	 5.8036389E-04 
 2.8825000	-6.4369811E-04 
 2.8875000	-9.9228240E-05 
 2.8925000	 2.4880239E-04 
 2.8975000	-1.5868083E-04 
 2.9025000	 9.6747430E-06 
 2.9075000	 5.9025938E-05 
 2.9125000	-8.7523922E-04 
 2.9175000	-1.6496038E-04 
 2.9225000	 9.7191047E-05 
 2.9275000	-5.6277723E-04 
 2.9325000	 1.5653803E-04 
 2.9375000	-2.3600068E-04 
 2.9425000	-3.1205694E-06 
 2.9475000	 5.1263337E-05 
 2.9525000	-1.1573598E-04 
 2.9575000	-5.6333551E-04 
 2.9625000	-6.0036784E-04 
 2.9675000	 7.5898644E-04 
 2.9725000	-2.6237118E-04 
 2.9775000	-1.7954874E-04 
 2.9825000	 1.6683640E-05 
 2.9875000	-1.9382056E-04 
 2.9925000	-9.8579054E-04 
 2.9975000	-1.7819937E-04 
 3.0025000	-6.4897677E-06 
 3.0075000	 9.9509990E-04 
 3.0125000	-2.1348737E-04 
 3.0175000	 6.4388689E-04 
 3.0225000	 4.8001424E-06 
 3.0275000	 1.1101716E-04 
 3.0325000	-1.3013228E-04 
 3.0375000	-1.9197109E-04 
 3.0425000	-3.8396497E-04 
 3.0475000	-5.2846900E-04 
 3.0525000	 1.4463160E-05 
 3.0575000	-1.8950703E-04 
 3.0625000	-3.2303709E-04 
 3.0675000	 7.3982941E-05 
 3.0725000	-1.2330197E-04 
 3.0775000	-2.1404370E-04 
 3.0825000	 4.6153361E-04 
 3.0875000	 2.9345524E-05 
 3.0925000	-2.1261147E-04 
 3.0975000	 5.2258795E-04 
 3.1025000	 3.3724285E-05 
 3.1075000	 8.0358626E-04 
 3.1125000	-1.5005338E-04 
 3.1175000	-6.3385843E-05 
 3.1225000	-2.0676550E-04 
 3.1275000	-5.9163133E-05 
 3.1325000	-1.5794951E-04 
 3.1375000	-2.1697226E-04 
 3.1425000	 1.8041473E-05 
 3.1475000	 9.7342795E-05 
 3.1525000	-3.2913117E-04 
 3.1575000	 8.8922660E-05 
 3.1625000	 5.2977475E-05 
 3.1675000	 9.6784427E-05 
 3.1725000	-1.0612819E-03 
 3.1775000	-1.0903881E-03 
 3.1825000	 8.4046020E-05 
 3.1875000	 1.0371336E-04 
 3.1925000	-1.6239373E-04 
 3.1975000	-2.5265215E-04 
 3.2025000	 6.3678413E-05 
 3.2075000	-2.8960779E-04 
 3.2125000	 6.7791182E-04 
 3.2175000	-3.3176793E-04 
 3.2225000	 4.7476373E-05 
 3.2275000	 1.0008100E-03 
 3.2325000	 1.8657938E-04 
 3.2375000	-2.8196221E-04 
 3.2425000	 1.0038420E-04 
 3.2475000	 1.5799225E-04 
 3.2525000	-3.4201048E-04 
 3.2575000	-3.9242244E-04 
 3.2625000	 1.6512501E-04 
 3.2675000	 1.4668542E-04 
 3.2725000	-5.9625904E-04 
 3.2775000	-3.2426218E-04 
 3.2825000	-2.9542353E-04 
 3.2875000	 1.8617815E-04 
 3.2925000	-2.5308738E-04 
 3.2975000	-3.1044774E-04 
 3.3025000	 1.3402695E-04 
 3.3075000	 1.5922200E-04 
 3.3125000	-3.3840768E-04 
 3.3175000	-6.5106192E-04 
 3.3225000	 1.1337261E-04 
 3.3275000	 4.8353575E-04 
 3.3325000	-2.5920078E-04 
 3.3375000	-3.4534849E-04 
 3.3425000	 1.2233445E-03 
 3.3475000	 2.1256247E-04 
 3.3525000	-3.1884163E-04 
 3.3575000	 1.7606194E-03 
 3.3625000	 2.6801567E-05 
 3.3675000	 1.9566475E-04 
 3.3725000	-2.9210716E-04 
 3.3775000	-3.1800704E-04 
 3.3825000	-5.1560021E-04 
 3.3875000	 1.8649625E-04 
 3.3925000	 7.4039706E-05 
 3.3975000	-4.2707547E-04 
 3.4025000	-1.4611883E-04 
 3.4075000	 2.3857414E-04 
 3.4125000	-1.1662529E-04 
 3.4175000	-4.4502691E-04 
 3.4225000	-1.3955624E-04 
 3.4275000	 2.9333222E-04 
 3.4325000	-4.0387707E-04 
 3.4375000	-4.2820859E-04 
 3.4425000	-3.0011485E-05 
 3.4475000	 2.8820671E-04 
 3.4525000	-1.1771663E-03 
 3.4575000	 8.5705942E-04 
 3.4625000	 1.7613147E-04 
 3.4675000	-1.1024499E-03 
 3.4725000	-5.0469697E-04 
 3.4775000	-5.9932562E-04 
 3.4825000	-2.6422961E-04 
 3.4875000	 3.2231576E-04 
 3.4925000	 6.8239583E-04 
 3.4975000	-2.1031383E-03 
 3.5025000	 2.2942553E-04 
 3.5075000	 1.2884041E-03 
 3.5125000	-6.5690724E-04 
 3.5175000	-6.0269093E-04 
 3.5225000	 3.0999583E-04 
 3.5275000	-1.3939490E-03 
 3.5325000	-6.1917973E-04 
 3.5375000	-7.1040313E-04 
 3.5425000	 3.4873793E-04 
 3.5475000	 4.1081047E-04 
 3.5525000	-3.7708786E-04 
 3.5575000	-6.9188774E-04 
 3.5625000	 9.3907006E-05 
 3.5675000	 4.0354489E-04 
 3.5725000	-1.4504252E-03 
 3.5775000	-7.3674259E-04 
 3.5825000	 3.4382245E-04 
 3.5875000	 1.1729662E-03 
 3.5925000	-4.5415546E-04 
 3.5975000	-2.6146453E-03 
 3.6025000	 3.4396724E-03 
 3.6075000	 5.8566220E-04 
 3.6125000	-1.5598087E-03 
 3.6175000	-1.1348072E-03 
 3.6225000	 6.0177745E-04 
 3.6275000	 9.3902049E-04 
 3.6325000	-9.2413463E-04 
 3.6375000	-1.0804317E-03 
 3.6425000	 5.2554089E-04 
 3.6475000	 6.8665455E-04 
 3.6525000	-1.2342047E-03 
 3.6575000	-9.3063438E-04 
 3.6625000	 6.6052431E-04 
 3.6675000	 7.7359356E-04 
 3.6725000	-3.7405595E-04 
 3.6775000	-1.3108729E-03 
 3.6825000	 1.0935663E-03 
 3.6875000	 1.6038852E-04 
 3.6925000	-8.7042515E-04 
 3.6975000	-2.2318086E-03 
 3.7025000	-2.1221587E-04 
 3.7075000	 1.5842449E-03 
 3.7125000	-1.3149564E-03 
 3.7175000	-2.1527016E-03 
 3.7225000	 1.5450135E-03 
 3.7275000	 6.4921896E-04 
 3.7325000	-1.7421004E-03 
 3.7375000	-2.4710827E-03 
 3.7425000	-4.9212878E-03 
 3.7475000	 1.6490776E-03 
 3.7525000	-2.0639064E-03 
 3.7575000	-2.1513674E-03 
 3.7625000	 4.3373883E-04 
 3.7675000	 1.8504639E-03 
 3.7725000	-2.1602368E-03 
 3.7775000	-2.7445555E-04 
 3.7825000	 3.2858370E-03 
 3.7875000	 1.9439314E-03 
 3.7925000	-8.2646985E-04 
 3.7975000	-2.9729673E-03 
 3.8025000	 3.8077019E-03 
 3.8075000	 2.7853917E-03 
 3.8125000	-3.4499423E-03 
 3.8175000	 2.1133578E-04 
 3.8225000	 3.6379548E-03 
 3.8275000	 2.3342730E-03 
 3.8325000	-3.8727517E-03 
 3.8375000	-3.3673089E-04 
 3.8425000	 5.5974342E-04 
 3.8475000	 9.5483448E-03 
 3.8525000	-5.7891807E-03 
 3.8575000	 1.6970998E-03 
 3.8625000	 7.9445187E-03 
 3.8675000	 6.4076728E-03 
 3.8725000	-8.0693676E-03 
 3.8775000	-6.1493707E-03 
 3.8825000	-3.9436512E-03 
 3.8875000	 9.7761728E-03 
 3.8925000	-1.1351651E-02 
 3.8975000	-2.0826589E-02 
 3.9025000	 9.8310618E-03 
 3.9075000	 1.8170709E-02 
 3.9125000	-1.6909472E-02 
 3.9175000	-2.2021761E-02 
 3.9225000	 1.9115945E-02 
 3.9275000	 2.7704379E-02 
 3.9325000	-3.5081539E-02 
 3.9375000	-5.2909050E-02 
 3.9425000	 3.6685314E-02 
 3.9475000	 7.1498550E-02 
 3.9525000	-2.9417460E-02 
 3.9575000	-1.7539024E-01 
 3.9625000	-4.4553068E-02 
 3.9675000	 1.9715075E-01 
 3.9725000	 1.2635718E-01 
 3.9775000	-2.9753906E-01 
 3.9825000	-6.2583095E-01 
 3.9875000	-1.9566507E-01 
 3.9925000	 3.0237897E-01 
 3.9975000	 4.9410053E-01 
 4.0025000	 2.3609343E-01 
 4.0075000	-1.7099854E-01 
 4.0125000	-1.6656629E-01 
 4.0175000	 1.1486396E-01 
 4.0225000	 1.7265015E-01 
 4.0275000	 7.5735812E-03 
 4.0325000	-7.7927529E-02 
 4.0375000	-1.5631383E-02 
 4.0425000	 6.0070314E-02 
 4.0475000	 1.6599133E-02 
 4.0525000	-3.3992282E-02 
 4.0575000	-6.0239698E-03 
 4.0625000	 2.5871745E-02 
 4.0675000	-1.8851826E-03 
 4.0725000	-1.9301135E-02 
 4.0775000	-7.6794707E-03 
 4.0825000	 1.6309871E-02 
 4.0875000	 6.6236239E-03 
 4.0925000	-8.7908991E-03 
 4.0975000	-5.0600247E-03 
 4.1025000	 9.9318917E-03 
 4.1075000	 5.1835467E-03 
 4.1125000	-1.1890840E-03 
 4.1175000	-2.7645292E-03 
 4.1225000	 4.7774656E-03 
 4.1275000	 4.0392730E-03 
 4.1325000	-6.0626358E-03 
 4.1375000	-1.8546508E-03 
 4.1425000	 5.9451044E-03 
 4.1475000	 3.1450811E-03 
 4.1525000	-7.1305389E-03 
 4.1575000	 1.6313030E-03 
 4.1625000	 4.7011249E-03 
 4.1675000	 2.4442992E-03 
 4.1725000	-2.5842240E-03 
 4.1775000	-3.6578011E-03 
 4.1825000	 5.8553340E-03 
 4.1875000	 2.3796500E-03 
 4.1925000	-2.8668573E-03 
 4.1975000	-4.2168911E-04 
 4.2025000	 3.4124463E-03 
 4.2075000	 2.8487278E-04 
 4.2125000	-1.1581853E-03 
 4.2175000	-7.0562398E-04 
 4.2225000	 3.3634582E-03 
 4.2275000	 2.8641510E-03 
 4.2325000	-2.0296920E-03 
 4.2375000	 2.7153063E-04 
 4.2425000	 2.2280987E-03 
 4.2475000	 7.6457703E-04 
 4.2525000	-4.3950058E-03 
 4.2575000	-5.5792905E-04 
 4.2625000	 9.3380718E-05 
 4.2675000	 1.2583041E-03 
 4.2725000	-2.2007760E-03 
 4.2775000	-7.2449156E-04 
 4.2825000	 1.7488036E-03 
 4.2875000	 3.9239841E-03 
 4.2925000	-1.3490870E-03 
 4.2975000	-4.5059771E-04 
 4.3025000	 1.7162298E-03 
 4.3075000	 8.7101254E-04 
 4.3125000	-1.7109812E-03 
 4.3175000	 8.3946660E-04 
 4.3225000	 7.3802004E-04 
 4.3275000	-1.2449887E-03 
 4.3325000	-8.4025640E-04 
 4.3375000	-1.5617055E-03 
 4.3425000	 1.1092148E-03 
 4.3475000	 3.0704289E-04 
 4.3525000	-2.2882500E-03 
 4.3575000	 4.2456615E-04 
 4.3625000	 1.0591246E-03 
 4.3675000	 4.7988073E-04 
 4.3725000	 1.2830548E-03 
 4.3775000	 1.0962168E-03 
 4.3825000	 8.1135868E-04 
 4.3875000	-5.6842282E-04 
 4.3925000	-6.4278373E-04 
 4.3975000	-1.7813192E-04 
 4.4025000	 1.3348584E-03 
 4.4075000	-9.6197606E-04 
 4.4125000	-5.6438783E-04 
 4.4175000	-2.2979374E-04 
 4.4225000	 8.3077897E-04 
 4.4275000	 4.1485328E-04 
 4.4325000	-9.3200755E-04 
 4.4375000	-1.4468107E-03 
 4.4425000	 7.2595786E-04 
 4.4475000	 1.6696422E-04 
 4.4525000	-4.5302589E-04 
 4.4575000	-1.2274785E-04 
 4.4625000	-1.0570482E-03 
 4.4675000	 1.5914797E-03 
 4.4725000	-4.4903090E-04 
 4.4775000	-2.0865353E-04 
 4.4825000	 6.9250465E-04 
 4.4875000	-6.8880122E-04 
 4.4925000	 1.6079520E-03 
 4.4975000	-6.3899767E-05 
 4.5025000	 6.1162222E-04 
 4.5075000	 2.2768483E-04 
 4.5125000	-3.6517337E-04 
 4.5175000	-3.1486207E-05 
 4.5225000	 3.6168928E-04 
 4.5275000	 7.3376133E-04 
 4.5325000	-3.1544476E-04 
 4.5375000	-6.6366506E-05 
 4.5425000	 5.4194617E-04 
 4.5475000	 2.7715893E-04 
 4.5525000	-3.1800779E-04 
 4.5575000	-8.3037816E-04 
 4.5625000	 5.1293803E-04 
 4.5675000	 1.8915333E-04 
 4.5725000	-2.2585686E-05 
 4.5775000	 6.7988257E-04 
 4.5825000	 4.8028469E-04 
 4.5875000	 1.5856265E-03 
 4.5925000	-3.2061569E-04 
 4.5975000	-6.5206916E-05 
 4.6025000	 4.4755536E-04 
 4.6075000	 1.7754479E-04 
 4.6125000	-2.5390654E-04 
 4.6175000	 1.9728794E-03 
 4.6225000	 2.7075241E-04 
 4.6275000	 2.8078146E-04 
 4.6325000	-2.1875079E-04 
 4.6375000	-5.1106200E-04 
 4.6425000	 4.2019492E-04 
 4.6475000	 2.3848261E-04 
 4.6525000	-1.5855782E-04 
 4.6575000	 1.9486272E-05 
 4.6625000	 9.8090185E-04 
 4.6675000	 1.6131199E-04 
 4.6725000	-1.7680176E-04 
 4.6775000	-2.4628099E-04 
 4.6825000	 3.4804262E-04 
 4.6875000	 1.8787714E-04 
 4.6925000	 1.0126105E-04 
 4.6975000	 4.0978630E-04 
 4.7025000	-4.4642540E-05 
 4.7075000	 1.2839410E-04 
 4.7125000	-1.8581744E-04 
 4.7175000	-3.2536179E-05 
 4.7225000	-2.6202457E-04 
 4.7275000	 9.1257707E-04 
 4.7325000	-1.5815396E-04 
 4.7375000	 3.3645297E-05 
 4.7425000	 3.2130080E-04 
 4.7475000	 7.5688109E-05 
 4.7525000	-7.5854536E-04 
 4.7575000	 8.4927056E-06 
 4.7625000	 1.2524177E-03 
 4.7675000	-9.3847540E-05 
 4.7725000	-1.4881196E-04 
 4.7775000	-7.7985095E-04 
 4.7825000	-5.3650171E-04 
 4.7875000	 1.4177759E-04 
 4.7925000	-1.3954936E-04 
 4.7975000	 2.0822525E-03 
 4.8025000	 2.7609448E-04 
 4.8075000	 1.2970183E-04 
 4.8125000	-1.2940391E-04 
 4.8175000	 9.1839848E-04 
 4.8225000	 2.6386460E-04 
 4.8275000	 1.4780770E-04 
 4.8325000	-6.2469824E-04 
 4.8375000	 2.7731329E-05 
 4.8425000	 8.9930437E-05 
 4.8475000	 4.2032519E-04 
 4.8525000	-6.6343003E-04 
 4.8575000	-7.1677187E-04 
 4.8625000	 2.3900144E-04 
 4.8675000	 1.2221711E-04 
 4.8725000	-9.2588301E-05 
 4.8775000	 6.1016289E-06 
 4.8825000	 2.1770797E-04 
 4.8875000	 1.1879598E-04 
 4.8925000	-1.0325990E-04 
 4.8975000	-8.5449829E-04 
 4.9025000	 2.6123954E-04 
 4.9075000	 9.5540705E-05 
 4.9125000	-1.0074196E-04 
 4.9175000	 6.5973368E-04 
 4.9225000	 6.2672546E-04 
 4.9275000	 8.5386891E-05 
 4.9325000	-8.6802930E-05 
 4.9375000	 6.0061371E-05 
 4.9425000	 2.9893330E-04 
 4.9475000	 1.0856500E-04 
 4.9525000	 3.5409033E-05 
 4.9575000	-2.2559358E-04 
 4.9625000	 2.1204626E-04 
 4.9675000	 1.9948924E-04 
 4.9725000	 1.4004022E-03 
 4.9775000	 2.1479833E-05 
 4.9825000	 7.2322489E-04 
 4.9875000	 1.4747645E-04 
 4.9925000	-6.7715024E-04 
 4.9975000	 4.9882648E-05 
 5.0025000	 3.3316820E-04 
 5.0075000	 6.6104447E-05 
 5.0125000	-1.3821728E-04 
 5.0175000	 1.3975775E-04 
 5.0225000	 1.8403679E-04 
 5.0275000	 8.7910550E-05 
 5.0325000	 1.3655393E-04 
 5.0375000	 6.1385831E-04 
 5.0425000	 1.7300990E-04 
 5.0475000	 7.4956706E-05 
 5.0525000	-6.9289224E-05 
 5.0575000	 3.4352641E-05 
 5.0625000	 2.7371387E-04 
 5.0675000	 3.7042654E-04 
 5.0725000	 3.6127727E-04 
 5.0775000	 4.3053175E-05 
 5.0825000	 8.1496094E-05 
 5.0875000	 7.1213585E-05 
 5.0925000	-5.9205506E-05 
 5.0975000	 3.1380670E-04 
 5.1025000	-8.1073182E-05 
 5.1075000	 2.8166634E-04 
 5.1125000	-6.1951728E-05 
 5.1175000	-4.5296861E-04 
 5.1225000	 1.8777597E-04 
 5.1275000	 5.2809217E-04 
 5.1325000	-2.8177193E-04 
 5.1375000	-1.5730902E-03 
 5.1425000	 1.5018166E-04 
 5.1475000	-4.3285608E-04 
 5.1525000	-4.8397699E-05 
 5.1575000	-1.4165355E-06 
 5.1625000	 3.5326887E-04 
 5.1675000	 7.1411040E-04 
 5.1725000	-4.4831357E-05 
 5.1775000	-1.2372091E-04 
 5.1825000	 1.4374133E-04 
 5.1875000	-2.9783383E-04 
 5.1925000	-4.7151248E-05 
 5.1975000	 3.5134469E-05 
 5.2025000	 1.3931975E-04 
 5.2075000	 5.6857613E-05 
 5.2125000	-4.2809162E-05 
 5.2175000	 1.7803130E-05 
 5.2225000	 1.3389499E-04 
 5.2275000	 2.7776303E-04 
 5.2325000	-5.1993382E-04 
 5.2375000	-3.9061440E-04 
 5.2425000	 1.1283945E-04 
 5.2475000	 4.6352906E-05 
 5.2525000	-5.0019901E-04 
 5.2575000	 3.8736135E-05 
 5.2625000	 6.3446161E-04 
 5.2675000	 6.7661259E-05 
 5.2725000	-1.0954660E-04 
 5.2775000	 5.9237103E-05 
 5.2825000	 1.7409250E-04 
 5.2875000	 5.9467293E-05 
 5.2925000	-3.4003424E-05 
 5.2975000	 4.2363576E-05 
 5.3025000	 1.1788140E-04 
 5.3075000	 4.6320463E-05 
 5.3125000	-3.2103519E-05 
 5.3175000	 9.2181910E-04 
 5.3225000	 1.1566387E-04 
 5.3275000	 4.8635662E-05 
 5.3325000	-3.1215438E-05 
 5.3375000	 2.1986671E-05 
 5.3425000	 2.2476155E-04 
 5.3475000	-4.4964339E-04 
 5.3525000	-4.5449296E-04 
 5.3575000	 5.0418250E-05 
 5.3625000	 1.1543446E-04 
 5.3675000	 6.9810226E-04 
 5.3725000	-5.1974050E-04 
 5.3775000	 6.0682718E-04 
 5.3825000	 1.0034763E-04 
 5.3875000	 1.8993554E-04 
 5.3925000	 4.2844996E-04 
 5.3975000	-4.3143445E-04 
 5.4025000	 4.9751356E-04 
 5.4075000	 3.9009645E-05 
 5.4125000	 2.5595008E-04 
 5.4175000	 3.4903161E-05 
 5.4225000	 1.0265072E-04 
 5.4275000	 1.9000934E-04 
 5.4325000	 1.6497679E-05 
 5.4375000	 2.6142545E-05 
 5.4425000	 1.0176068E-04 
 5.4475000	 2.7084885E-05 
 5.4525000	 4.0107949E-04 
 5.4575000	 4.6139801E-04 
 5.4625000	 9.3995984E-05 
 5.4675000	 3.4902464E-05 
 5.4725000	 7.8569460E-04 
 5.4775000	-1.5897031E-04 
 5.4825000	 8.7435032E-05 
 5.4875000	-4.6083756E-05 
 5.4925000	 2.3538825E-04 
 5.4975000	 3.3819553E-05 
 5.5025000	 7.3673583E-05 
 5.5075000	 2.7366778E-05 
 5.5125000	-2.2038460E-05 
 5.5175000	 2.9889628E-04 
 5.5225000	 8.9199812E-05 
 5.5275000	 1.2845698E-04 
 5.5325000	 6.3884943E-05 
 5.5375000	 1.8419111E-04 
 5.5425000	 8.4699753E-05 
 5.5475000	 7.1994671E-05 
 5.5525000	-1.9217720E-05 
 5.5575000	-5.5859499E-06 
 5.5625000	 8.5929008E-05 
 5.5675000	 3.1013023E-05 
 5.5725000	-1.7127989E-05 
 5.5775000	 8.1817791E-05 
 5.5825000	 8.6494193E-05 
 5.5875000	 3.2572236E-05 
 5.5925000	-2.1306039E-05 
 5.5975000	 3.9464463E-05 
 5.6025000	 8.0981169E-05 
 5.6075000	 1.3222005E-04 
 5.6125000	-1.5699863E-05 
 5.6175000	 3.4796183E-05 
 5.6225000	-1.0315915E-04 
 5.6275000	 3.0148861E-05 
 5.6325000	-1.7664319E-05 
 5.6375000	 4.8863136E-05 
 5.6425000	 7.9626996E-05 
 5.6475000	-5.4132780E-04 
 5.6525000	 5.5157671E-04 
 5.6575000	 6.3314415E-05 
 5.6625000	 4.6786812E-04 
 5.6675000	 2.6199309E-05 
 5.6725000	 4.5091345E-04 
 5.6775000	 8.0900792E-05 
 5.6825000	 6.1881679E-04 
 5.6875000	 2.7899875E-05 
 5.6925000	-1.1365774E-05 
 5.6975000	 3.6129609E-05 
 5.7025000	 7.9377004E-05 
 5.7075000	 3.5702916E-05 
 5.7125000	 1.7894931E-04 
 5.7175000	 3.0876560E-05 
 5.7225000	-4.1896490E-04 
 5.7275000	-1.6749880E-04 
 5.7325000	-1.4659034E-05 
 5.7375000	-6.1583892E-04 
 5.7425000	-3.3755472E-04 
 5.7475000	 2.4597387E-04 
 5.7525000	 4.4720787E-04 
 5.7575000	 3.9294350E-04 
 5.7625000	 2.1081353E-04 
 5.7675000	-1.9115886E-04 
 5.7725000	-1.2595819E-05 
 5.7775000	 3.0240614E-05 
 5.7825000	 1.3438826E-04 
 5.7875000	 2.0895428E-05 
 5.7925000	-9.5162143E-06 
 5.7975000	 4.0766714E-05 
 5.8025000	 5.9441646E-05 
 5.8075000	-1.1091379E-04 
 5.8125000	-6.4326241E-09 
 5.8175000	 2.8410449E-04 
 5.8225000	 7.9330751E-04 
 5.8275000	 1.4854989E-04 
 5.8325000	-7.5666070E-06 
 5.8375000	-3.2828131E-04 
 5.8425000	 4.4025646E-04 
 5.8475000	-1.7542105E-04 
 5.8525000	-1.0626034E-05 
 5.8575000	-1.8753540E-05 
 5.8625000	 6.1909627E-05 
 5.8675000	 2.2880280E-05 
 5.8725000	-9.9574806E-06 
 5.8775000	 2.3826106E-05 
 5.8825000	 2.7926096E-04 
 5.8875000	 5.0749555E-05 
 5.8925000	 9.2663106E-05 
 5.8975000	 3.5555078E-04 
 5.9025000	 5.3989836E-05 
 5.9075000	 1.5844551E-05 
 5.9125000	-1.8360337E-04 
 5.9175000	-2.9935454E-04 
 5.9225000	 5.7931368E-05 
 5.9275000	 1.5472057E-04 
 5.9325000	 2.6749502E-04 
 5.9375000	 2.9709958E-05 
 5.9425000	 5.4800025E-05 
 5.9475000	 1.5568380E-05 
 5.9525000	-8.5923343E-06 
 5.9575000	 9.1906153E-05 
 5.9625000	 5.7025575E-05 
 5.9675000	 2.2271329E-05 
 5.9725000	-4.0358332E-06 
 5.9775000	 3.9159587E-05 
 5.9825000	 5.2906482E-05 
 5.9875000	 1.1610546E-04 
 5.9925000	-6.5848785E-06 
 5.9975000	 1.9838488E-04 
