0.660000     0.000000     170.000000     170.001281  
-0.658231     0.000000     170.000000     170.001274  
0.656118     0.000000     170.000000     170.001266  
-0.654006     0.000000     170.000000     170.001258  
0.651707     0.000000     170.000000     170.001249  
-0.649647     0.000000     170.000000     170.001241  
0.647162     0.000000     170.000000     170.001232  
-0.644916     0.000000     170.000000     170.001223  
0.642244     0.000000     170.000000     170.001213  
-0.640340     0.000000     170.000000     170.001206  
0.638304     0.000000     170.000000     170.001198  
-0.635898     0.000000     170.000000     170.001189  
0.633678     0.000000     170.000000     170.001181  
-0.630981     0.000000     170.000000     170.001171  
0.628863     0.000000     170.000000     170.001163  
-0.627141     0.000000     170.000000     170.001157  
0.625022     0.000000     170.000000     170.001149  
-0.622561     0.000000     170.000000     170.001140  
0.620336     0.000000     170.000000     170.001132  
-0.618295     0.000000     170.000000     170.001124  
0.615939     0.000000     170.000000     170.001116  
-0.614032     0.000000     170.000000     170.001109  
0.612178     0.000000     170.000000     170.001102  
-0.610002     0.000000     170.000000     170.001094  
0.608040     0.000000     170.000000     170.001087  
-0.605789     0.000000     170.000000     170.001079  
0.603374     0.000000     170.000000     170.001071  
-0.601464     0.000000     170.000000     170.001064  
0.599283     0.000000     170.000000     170.001056  
-0.597526     0.000000     170.000000     170.001050  
0.595884     0.000000     170.000000     170.001044  
-0.593361     0.000000     170.000000     170.001036  
0.590759     0.000000     170.000000     170.001026  
-0.588847     0.000000     170.000000     170.001020  
0.586805     0.000000     170.000000     170.001013  
-0.584461     0.000000     170.000000     170.001005  
0.582283     0.000000     170.000000     170.000997  
-0.580318     0.000000     170.000000     170.000990  
0.578374     0.000000     170.000000     170.000984  
-0.576485     0.000000     170.000000     170.000977  
0.574860     0.000000     170.000000     170.000972  
-0.572594     0.000000     170.000000     170.000964  
0.570731     0.000000     170.000000     170.000958  
-0.568411     0.000000     170.000000     170.000950  
0.566305     0.000000     170.000000     170.000943  
-0.564442     0.000000     170.000000     170.000937  
0.561917     0.000000     170.000000     170.000929  
-0.560077     0.000000     170.000000     170.000923  
0.557707     0.000000     170.000000     170.000915  
-0.555656     0.000000     170.000000     170.000908  
0.553658     0.000000     170.000000     170.000902  
-0.551587     0.000000     170.000000     170.000895  
0.549644     0.000000     170.000000     170.000889  
-0.547614     0.000000     170.000000     170.000882  
0.545384     0.000000     170.000000     170.000875  
-0.543309     0.000000     170.000000     170.000868  
0.540753     0.000000     170.000000     170.000860  
-0.538485     0.000000     170.000000     170.000853  
0.536731     0.000000     170.000000     170.000847  
-0.535071     0.000000     170.000000     170.000842  
0.533226     0.000000     170.000000     170.000836  
-0.531117     0.000000     170.000000     170.000830  
0.529091     0.000000     170.000000     170.000823  
-0.527116     0.000000     170.000000     170.000817  
0.525220     0.000000     170.000000     170.000811  
-0.522955     0.000000     170.000000     170.000804  
0.520843     0.000000     170.000000     170.000798  
-0.518510     0.000000     170.000000     170.000791  
0.516235     0.000000     170.000000     170.000784  
-0.514629     0.000000     170.000000     170.000779  
0.513136     0.000000     170.000000     170.000774  
-0.511290     0.000000     170.000000     170.000769  
0.509356     0.000000     170.000000     170.000763  
-0.507475     0.000000     170.000000     170.000757  
0.505130     0.000000     170.000000     170.000750  
-0.503516     0.000000     170.000000     170.000746  
0.501891     0.000000     170.000000     170.000741  
-0.500077     0.000000     170.000000     170.000736  
0.498017     0.000000     170.000000     170.000729  
-0.496000     0.000000     170.000000     170.000724  
0.494103     0.000000     170.000000     170.000718  
-0.491712     0.000000     170.000000     170.000711  
0.489973     0.000000     170.000000     170.000706  
-0.487835     0.000000     170.000000     170.000700  
0.485587     0.000000     170.000000     170.000694  
-0.483901     0.000000     170.000000     170.000689  
0.482134     0.000000     170.000000     170.000684  
-0.479809     0.000000     170.000000     170.000677  
0.477510     0.000000     170.000000     170.000671  
-0.475750     0.000000     170.000000     170.000666  
0.474146     0.000000     170.000000     170.000661  
-0.472349     0.000000     170.000000     170.000656  
0.470490     0.000000     170.000000     170.000651  
-0.468748     0.000000     170.000000     170.000646  
0.466763     0.000000     170.000000     170.000641  
-0.465234     0.000000     170.000000     170.000637  
0.463499     0.000000     170.000000     170.000632  
-0.461689     0.000000     170.000000     170.000627  
0.459622     0.000000     170.000000     170.000621  
-0.457830     0.000000     170.000000     170.000616  
0.455786     0.000000     170.000000     170.000611  
-0.453676     0.000000     170.000000     170.000605  
0.452016     0.000000     170.000000     170.000601  
-0.450055     0.000000     170.000000     170.000596  
0.448098     0.000000     170.000000     170.000591  
-0.446500     0.000000     170.000000     170.000586  
0.444796     0.000000     170.000000     170.000582  
-0.443024     0.000000     170.000000     170.000577  
0.441403     0.000000     170.000000     170.000573  
-0.439765     0.000000     170.000000     170.000569  
0.438281     0.000000     170.000000     170.000565  
-0.436841     0.000000     170.000000     170.000561  
0.435353     0.000000     170.000000     170.000557  
-0.433175     0.000000     170.000000     170.000552  
0.431530     0.000000     170.000000     170.000548  
-0.429735     0.000000     170.000000     170.000543  
0.427906     0.000000     170.000000     170.000539  
-0.426278     0.000000     170.000000     170.000534  
0.424828     0.000000     170.000000     170.000531  
-0.423080     0.000000     170.000000     170.000526  
0.421208     0.000000     170.000000     170.000522  
-0.419585     0.000000     170.000000     170.000518  
0.417747     0.000000     170.000000     170.000513  
-0.415992     0.000000     170.000000     170.000509  
0.414718     0.000000     170.000000     170.000506  
-0.413065     0.000000     170.000000     170.000502  
0.411529     0.000000     170.000000     170.000498  
-0.409310     0.000000     170.000000     170.000493  
0.407603     0.000000     170.000000     170.000489  
-0.406184     0.000000     170.000000     170.000485  
0.404529     0.000000     170.000000     170.000481  
-0.402928     0.000000     170.000000     170.000478  
0.401230     0.000000     170.000000     170.000473  
-0.399312     0.000000     170.000000     170.000469  
0.397523     0.000000     170.000000     170.000465  
-0.395898     0.000000     170.000000     170.000461  
0.394525     0.000000     170.000000     170.000458  
-0.393076     0.000000     170.000000     170.000454  
0.391307     0.000000     170.000000     170.000450  
-0.389344     0.000000     170.000000     170.000446  
0.387370     0.000000     170.000000     170.000441  
-0.385647     0.000000     170.000000     170.000437  
0.384118     0.000000     170.000000     170.000434  
-0.382582     0.000000     170.000000     170.000430  
0.380827     0.000000     170.000000     170.000427  
-0.378681     0.000000     170.000000     170.000422  
0.377366     0.000000     170.000000     170.000419  
-0.375471     0.000000     170.000000     170.000415  
0.373317     0.000000     170.000000     170.000410  
-0.371569     0.000000     170.000000     170.000406  
0.369715     0.000000     170.000000     170.000402  
-0.368151     0.000000     170.000000     170.000399  
0.366286     0.000000     170.000000     170.000395  
-0.365144     0.000000     170.000000     170.000392  
0.363514     0.000000     170.000000     170.000389  
-0.361949     0.000000     170.000000     170.000385  
0.359890     0.000000     170.000000     170.000381  
-0.358120     0.000000     170.000000     170.000377  
0.356476     0.000000     170.000000     170.000374  
-0.354754     0.000000     170.000000     170.000370  
0.353429     0.000000     170.000000     170.000367  
-0.351711     0.000000     170.000000     170.000364  
0.350412     0.000000     170.000000     170.000361  
-0.348807     0.000000     170.000000     170.000358  
0.347242     0.000000     170.000000     170.000355  
-0.345830     0.000000     170.000000     170.000352  
0.344070     0.000000     170.000000     170.000348  
-0.342450     0.000000     170.000000     170.000345  
0.340716     0.000000     170.000000     170.000341  
-0.339149     0.000000     170.000000     170.000338  
0.337762     0.000000     170.000000     170.000336  
-0.335885     0.000000     170.000000     170.000332  
0.334291     0.000000     170.000000     170.000329  
-0.332367     0.000000     170.000000     170.000325  
0.330758     0.000000     170.000000     170.000322  
-0.329296     0.000000     170.000000     170.000319  
0.327472     0.000000     170.000000     170.000315  
-0.325929     0.000000     170.000000     170.000312  
0.324426     0.000000     170.000000     170.000310  
-0.323064     0.000000     170.000000     170.000307  
0.321461     0.000000     170.000000     170.000304  
-0.319883     0.000000     170.000000     170.000301  
0.318346     0.000000     170.000000     170.000298  
-0.316984     0.000000     170.000000     170.000296  
0.315317     0.000000     170.000000     170.000292  
-0.313866     0.000000     170.000000     170.000290  
0.312745     0.000000     170.000000     170.000288  
-0.311274     0.000000     170.000000     170.000285  
0.309763     0.000000     170.000000     170.000282  
-0.308594     0.000000     170.000000     170.000280  
0.307177     0.000000     170.000000     170.000278  
-0.305744     0.000000     170.000000     170.000275  
0.304209     0.000000     170.000000     170.000272  
-0.302369     0.000000     170.000000     170.000269  
0.300537     0.000000     170.000000     170.000266  
-0.298708     0.000000     170.000000     170.000262  
0.297450     0.000000     170.000000     170.000260  
-0.295686     0.000000     170.000000     170.000257  
0.294078     0.000000     170.000000     170.000254  
-0.292290     0.000000     170.000000     170.000251  
0.290624     0.000000     170.000000     170.000248  
-0.289284     0.000000     170.000000     170.000246  
0.287933     0.000000     170.000000     170.000244  
-0.286701     0.000000     170.000000     170.000242  
0.285507     0.000000     170.000000     170.000240  
-0.284086     0.000000     170.000000     170.000237  
0.282458     0.000000     170.000000     170.000235  
-0.280453     0.000000     170.000000     170.000231  
0.279084     0.000000     170.000000     170.000229  
-0.277636     0.000000     170.000000     170.000227  
0.276521     0.000000     170.000000     170.000225  
-0.275056     0.000000     170.000000     170.000223  
0.273514     0.000000     170.000000     170.000220  
-0.271776     0.000000     170.000000     170.000217  
0.271056     0.000000     170.000000     170.000216  
-0.269317     0.000000     170.000000     170.000213  
0.267359     0.000000     170.000000     170.000210  
-0.266151     0.000000     170.000000     170.000208  
0.264775     0.000000     170.000000     170.000206  
-0.262964     0.000000     170.000000     170.000203  
0.261550     0.000000     170.000000     170.000201  
-0.259940     0.000000     170.000000     170.000199  
0.258391     0.000000     170.000000     170.000196  
-0.257101     0.000000     170.000000     170.000194  
0.255694     0.000000     170.000000     170.000192  
-0.253857     0.000000     170.000000     170.000190  
0.252584     0.000000     170.000000     170.000188  
-0.251196     0.000000     170.000000     170.000186  
0.249904     0.000000     170.000000     170.000184  
-0.248105     0.000000     170.000000     170.000181  
0.247101     0.000000     170.000000     170.000180  
-0.245674     0.000000     170.000000     170.000178  
0.244355     0.000000     170.000000     170.000176  
-0.243260     0.000000     170.000000     170.000174  
0.241996     0.000000     170.000000     170.000172  
-0.240254     0.000000     170.000000     170.000170  
0.238710     0.000000     170.000000     170.000168  
-0.237479     0.000000     170.000000     170.000166  
0.235901     0.000000     170.000000     170.000164  
-0.234347     0.000000     170.000000     170.000162  
0.232928     0.000000     170.000000     170.000160  
-0.231384     0.000000     170.000000     170.000157  
0.230278     0.000000     170.000000     170.000156  
-0.228471     0.000000     170.000000     170.000154  
0.226979     0.000000     170.000000     170.000152  
-0.225423     0.000000     170.000000     170.000149  
0.224327     0.000000     170.000000     170.000148  
-0.223598     0.000000     170.000000     170.000147  
0.222411     0.000000     170.000000     170.000145  
-0.221251     0.000000     170.000000     170.000144  
0.219856     0.000000     170.000000     170.000142  
-0.218704     0.000000     170.000000     170.000141  
0.217543     0.000000     170.000000     170.000139  
-0.215914     0.000000     170.000000     170.000137  
0.214923     0.000000     170.000000     170.000136  
-0.213546     0.000000     170.000000     170.000134  
0.211880     0.000000     170.000000     170.000132  
-0.210483     0.000000     170.000000     170.000130  
0.209438     0.000000     170.000000     170.000129  
-0.208212     0.000000     170.000000     170.000128  
0.207185     0.000000     170.000000     170.000126  
-0.206310     0.000000     170.000000     170.000125  
0.204804     0.000000     170.000000     170.000123  
-0.203812     0.000000     170.000000     170.000122  
0.202847     0.000000     170.000000     170.000121  
-0.201476     0.000000     170.000000     170.000119  
0.199880     0.000000     170.000000     170.000118  
-0.198373     0.000000     170.000000     170.000116  
0.197342     0.000000     170.000000     170.000115  
-0.196394     0.000000     170.000000     170.000113  
0.194940     0.000000     170.000000     170.000112  
-0.193340     0.000000     170.000000     170.000110  
0.192032     0.000000     170.000000     170.000108  
-0.190822     0.000000     170.000000     170.000107  
0.189731     0.000000     170.000000     170.000106  
-0.188716     0.000000     170.000000     170.000105  
0.187450     0.000000     170.000000     170.000103  
-0.186430     0.000000     170.000000     170.000102  
0.185409     0.000000     170.000000     170.000101  
-0.184133     0.000000     170.000000     170.000100  
0.182849     0.000000     170.000000     170.000098  
-0.181422     0.000000     170.000000     170.000097  
0.180330     0.000000     170.000000     170.000096  
-0.179368     0.000000     170.000000     170.000095  
0.178464     0.000000     170.000000     170.000094  
-0.177623     0.000000     170.000000     170.000093  
0.176389     0.000000     170.000000     170.000092  
-0.175165     0.000000     170.000000     170.000090  
0.174214     0.000000     170.000000     170.000089  
-0.173105     0.000000     170.000000     170.000088  
0.172043     0.000000     170.000000     170.000087  
-0.170740     0.000000     170.000000     170.000086  
0.170094     0.000000     170.000000     170.000085  
-0.168519     0.000000     170.000000     170.000084  
0.167432     0.000000     170.000000     170.000082  
-0.166416     0.000000     170.000000     170.000081  
0.165291     0.000000     170.000000     170.000080  
-0.164079     0.000000     170.000000     170.000079  
0.163126     0.000000     170.000000     170.000078  
-0.161977     0.000000     170.000000     170.000077  
0.160744     0.000000     170.000000     170.000076  
-0.159343     0.000000     170.000000     170.000075  
0.157953     0.000000     170.000000     170.000073  
-0.157087     0.000000     170.000000     170.000073  
0.155876     0.000000     170.000000     170.000071  
-0.154578     0.000000     170.000000     170.000070  
0.153587     0.000000     170.000000     170.000069  
-0.152873     0.000000     170.000000     170.000069  
0.151623     0.000000     170.000000     170.000068  
-0.150180     0.000000     170.000000     170.000066  
0.148798     0.000000     170.000000     170.000065  
-0.148000     0.000000     170.000000     170.000064  
0.147268     0.000000     170.000000     170.000064  
-0.146570     0.000000     170.000000     170.000063  
0.145084     0.000000     170.000000     170.000062  
-0.144139     0.000000     170.000000     170.000061  
0.143402     0.000000     170.000000     170.000060  
-0.142306     0.000000     170.000000     170.000060  
0.141763     0.000000     170.000000     170.000059  
-0.140613     0.000000     170.000000     170.000058  
0.139196     0.000000     170.000000     170.000057  
-0.138371     0.000000     170.000000     170.000056  
0.137001     0.000000     170.000000     170.000055  
-0.135816     0.000000     170.000000     170.000054  
0.135154     0.000000     170.000000     170.000054  
-0.134344     0.000000     170.000000     170.000053  
0.133485     0.000000     170.000000     170.000052  
-0.132152     0.000000     170.000000     170.000051  
0.131059     0.000000     170.000000     170.000051  
-0.130368     0.000000     170.000000     170.000050  
0.129710     0.000000     170.000000     170.000049  
-0.128562     0.000000     170.000000     170.000049  
0.127615     0.000000     170.000000     170.000048  
-0.126913     0.000000     170.000000     170.000047  
0.126107     0.000000     170.000000     170.000047  
-0.125383     0.000000     170.000000     170.000046  
0.124614     0.000000     170.000000     170.000046  
-0.123563     0.000000     170.000000     170.000045  
0.122974     0.000000     170.000000     170.000044  
-0.122021     0.000000     170.000000     170.000044  
0.121084     0.000000     170.000000     170.000043  
-0.120419     0.000000     170.000000     170.000043  
0.119597     0.000000     170.000000     170.000042  
-0.118697     0.000000     170.000000     170.000041  
0.118069     0.000000     170.000000     170.000041  
-0.117001     0.000000     170.000000     170.000040  
0.116144     0.000000     170.000000     170.000040  
-0.115325     0.000000     170.000000     170.000039  
0.114240     0.000000     170.000000     170.000038  
-0.113001     0.000000     170.000000     170.000038  
0.112302     0.000000     170.000000     170.000037  
-0.111128     0.000000     170.000000     170.000036  
0.110200     0.000000     170.000000     170.000036  
-0.108874     0.000000     170.000000     170.000035  
0.107820     0.000000     170.000000     170.000034  
-0.106933     0.000000     170.000000     170.000034  
0.106308     0.000000     170.000000     170.000033  
-0.105226     0.000000     170.000000     170.000033  
0.104304     0.000000     170.000000     170.000032  
-0.103281     0.000000     170.000000     170.000031  
0.102412     0.000000     170.000000     170.000031  
-0.101057     0.000000     170.000000     170.000030  
0.100045     0.000000     170.000000     170.000029  
-0.098903     0.000000     170.000000     170.000029  
0.097695     0.000000     170.000000     170.000028  
-0.096846     0.000000     170.000000     170.000028  
0.096040     0.000000     170.000000     170.000027  
-0.095058     0.000000     170.000000     170.000027  
0.094223     0.000000     170.000000     170.000026  
-0.093553     0.000000     170.000000     170.000026  
0.092917     0.000000     170.000000     170.000025  
-0.092281     0.000000     170.000000     170.000025  
0.091411     0.000000     170.000000     170.000025  
-0.090444     0.000000     170.000000     170.000024  
0.090327     0.000000     170.000000     170.000024  
-0.089367     0.000000     170.000000     170.000023  
0.088446     0.000000     170.000000     170.000023  
-0.087501     0.000000     170.000000     170.000023  
0.086740     0.000000     170.000000     170.000022  
-0.086517     0.000000     170.000000     170.000022  
0.085903     0.000000     170.000000     170.000022  
-0.084833     0.000000     170.000000     170.000021  
0.084129     0.000000     170.000000     170.000021  
-0.083216     0.000000     170.000000     170.000020  
0.082321     0.000000     170.000000     170.000020  
-0.081149     0.000000     170.000000     170.000019  
0.080457     0.000000     170.000000     170.000019  
-0.079507     0.000000     170.000000     170.000019  
0.078745     0.000000     170.000000     170.000018  
-0.077877     0.000000     170.000000     170.000018  
0.077188     0.000000     170.000000     170.000018  
-0.076608     0.000000     170.000000     170.000017  
0.076001     0.000000     170.000000     170.000017  
-0.075299     0.000000     170.000000     170.000017  
0.074415     0.000000     170.000000     170.000016  
-0.073601     0.000000     170.000000     170.000016  
0.073224     0.000000     170.000000     170.000016  
-0.072750     0.000000     170.000000     170.000016  
0.072510     0.000000     170.000000     170.000015  
-0.071458     0.000000     170.000000     170.000015  
-0.392133     0.000000     170.000000     170.000452  
