0.005570   0.000683   0.999978   0.999994        1.565226    1.570114    0.999994        1.565184    0.121943   0.999994
-0.006750   -0.000873   0.999931   0.999954        1.577546    1.571669    0.999954        1.563990    -3.012974   0.999954
0.006149   0.000170   0.999880   0.999899        1.564647    1.570626    0.999899        1.564644    0.027642   0.999899
-0.006074   -0.000466   0.999832   0.999851        1.576871    1.571262    0.999851        1.564703    -3.065101   0.999851
0.006142   0.000836   0.999785   0.999804        1.564654    1.569960    0.999804        1.564596    0.135234   0.999804
-0.006351   -0.000544   0.999735   0.999756        1.577147    1.571341    0.999756        1.564420    -3.056119   0.999756
0.006260   0.000486   0.999686   0.999705        1.564536    1.570310    0.999705        1.564515    0.077549   0.999705
-0.006039   -0.000583   0.999637   0.999655        1.576835    1.571380    0.999655        1.564727    -3.045307   0.999655
0.006216   0.000622   0.999588   0.999608        1.564580    1.570174    0.999608        1.564546    0.099720   0.999608
-0.006279   -0.000545   0.999539   0.999559        1.577075    1.571341    0.999559        1.564491    -3.055081   0.999559
0.006136   0.000372   0.999489   0.999508        1.564660    1.570424    0.999508        1.564646    0.060542   0.999508
-0.006096   -0.000491   0.999440   0.999459        1.576892    1.571287    0.999459        1.564677    -3.061254   0.999459
0.006090   0.000605   0.999391   0.999410        1.564706    1.570191    0.999410        1.564673    0.099016   0.999410
-0.006146   -0.000485   0.999342   0.999361        1.576942    1.571281    0.999361        1.564627    -3.062884   0.999361
0.006087   0.000503   0.999292   0.999311        1.564709    1.570293    0.999311        1.564684    0.082471   0.999311
-0.005962   -0.000577   0.999244   0.999262        1.576758    1.571374    0.999262        1.564802    -3.045038   0.999262
0.006049   0.000593   0.999195   0.999214        1.564748    1.570203    0.999214        1.564714    0.097757   0.999214
-0.006057   -0.000555   0.999146   0.999165        1.576853    1.571352    0.999165        1.564709    -3.050219   0.999165
0.005934   0.000481   0.999097   0.999115        1.564863    1.570315    0.999115        1.564838    0.080813   0.999115
-0.005890   -0.000546   0.999049   0.999067        1.576686    1.571343    0.999067        1.564876    -3.049169   0.999067
0.005884   0.000605   0.999001   0.999019        1.564912    1.570191    0.999019        1.564875    0.102448   0.999019
-0.005896   -0.000541   0.998953   0.998970        1.576693    1.571338    0.998970        1.564869    -3.050116   0.998970
0.005841   0.000526   0.998905   0.998922        1.564956    1.570270    0.998922        1.564926    0.089772   0.998922
-0.005752   -0.000565   0.998857   0.998874        1.576548    1.571362    0.998874        1.565010    -3.043630   0.998874
0.005788   0.000555   0.998809   0.998826        1.565008    1.570240    0.998826        1.564975    0.095644   0.998826
-0.005766   -0.000509   0.998761   0.998778        1.576562    1.571306    0.998778        1.565001    -3.053613   0.998778
0.005713   0.000427   0.998714   0.998730        1.565083    1.570369    0.998730        1.565060    0.074620   0.998730
-0.005749   -0.000484   0.998665   0.998682        1.576545    1.571281    0.998682        1.565019    -3.057567   0.998682
0.005747   0.000524   0.998617   0.998634        1.565049    1.570271    0.998634        1.565017    0.090998   0.998634
-0.005783   -0.000451   0.998569   0.998585        1.576579    1.571248    0.998585        1.564987    -3.063777   0.998585
0.005754   0.000432   0.998520   0.998536        1.565042    1.570364    0.998536        1.565018    0.074884   0.998536
-0.005705   -0.000453   0.998471   0.998488        1.576502    1.571250    0.998488        1.565064    -3.062361   0.998488
0.005740   0.000442   0.998422   0.998439        1.565057    1.570353    0.998439        1.565031    0.076935   0.998439
-0.005741   -0.000440   0.998373   0.998390        1.576537    1.571237    0.998390        1.565029    -3.065111   0.998390
0.005656   0.000413   0.998325   0.998341        1.565140    1.570383    0.998341        1.565115    0.072837   0.998341
-0.005670   -0.000424   0.998277   0.998293        1.576466    1.571221    0.998293        1.565101    -3.066893   0.998293
0.005642   0.000462   0.998228   0.998244        1.565154    1.570334    0.998244        1.565125    0.081615   0.998244
-0.005646   -0.000400   0.998179   0.998195        1.576442    1.571197    0.998195        1.565126    -3.070884   0.998195
0.005599   0.000432   0.998130   0.998145        1.565197    1.570364    0.998145        1.565170    0.077005   0.998145
-0.005570   -0.000473   0.998081   0.998096        1.576366    1.571270    0.998096        1.565196    -3.056962   0.998096
0.005573   0.000447   0.998031   0.998047        1.565223    1.570349    0.998047        1.565194    0.079972   0.998047
-0.005606   -0.000448   0.997983   0.997999        1.576402    1.571245    0.997999        1.565161    -3.061929   0.997999
0.005553   0.000468   0.997934   0.997949        1.565243    1.570327    0.997949        1.565212    0.084118   0.997949
-0.005530   -0.000489   0.997884   0.997900        1.576327    1.571286    0.997900        1.565233    -3.053443   0.997900
0.005537   0.000483   0.997835   0.997850        1.565259    1.570313    0.997850        1.565226    0.086949   0.997850
-0.005497   -0.000435   0.997785   0.997801        1.576293    1.571233    0.997801        1.565270    -3.062572   0.997801
0.005466   0.000449   0.997736   0.997751        1.565330    1.570346    0.997751        1.565300    0.082052   0.997751
-0.005443   -0.000455   0.997686   0.997701        1.576240    1.571252    0.997701        1.565322    -3.058284   0.997701
0.005482   0.000407   0.997637   0.997652        1.565314    1.570388    0.997652        1.565286    0.074110   0.997652
-0.005471   -0.000398   0.997587   0.997602        1.576267    1.571195    0.997602        1.565298    -3.069052   0.997602
0.005414   0.000393   0.997539   0.997553        1.565382    1.570403    0.997553        1.565355    0.072419   0.997553
-0.005357   -0.000436   0.997490   0.997504        1.576153    1.571234    0.997504        1.565408    -3.060301   0.997504
0.005350   0.000438   0.997442   0.997457        1.565446    1.570357    0.997457        1.565414    0.081630   0.997457
-0.005327   -0.000420   0.997393   0.997407        1.576123    1.571217    0.997407        1.565439    -3.062935   0.997407
0.005258   0.000488   0.997345   0.997359        1.565538    1.570307    0.997359        1.565501    0.092544   0.997359
-0.005196   -0.000500   0.997296   0.997310        1.575992    1.571298    0.997310        1.565562    -3.045639   0.997310
0.005182   0.000488   0.997250   0.997263        1.565615    1.570306    0.997263        1.565577    0.093998   0.997263
-0.005110   -0.000482   0.997202   0.997215        1.575907    1.571280    0.997215        1.565649    -3.047495   0.997215
0.005059   0.000466   0.997155   0.997168        1.565737    1.570329    0.997168        1.565701    0.091773   0.997168
-0.005074   -0.000514   0.997108   0.997121        1.575871    1.571312    0.997121        1.565681    -3.040684   0.997121
0.005039   0.000564   0.997061   0.997074        1.565757    1.570230    0.997074        1.565711    0.111503   0.997074
-0.004987   -0.000495   0.997014   0.997026        1.575783    1.571293    0.997026        1.565770    -3.042599   0.997026
0.004922   0.000507   0.996967   0.996980        1.565875    1.570288    0.996980        1.565834    0.102612   0.996980
-0.004875   -0.000514   0.996921   0.996933        1.575672    1.571312    0.996933        1.565879    -3.036545   0.996933
0.004847   0.000541   0.996875   0.996887        1.565950    1.570254    0.996887        1.565904    0.111140   0.996887
-0.004777   -0.000499   0.996830   0.996841        1.575573    1.571297    0.996841        1.565978    -3.037429   0.996841
0.004725   0.000490   0.996784   0.996795        1.566072    1.570305    0.996795        1.566031    0.103252   0.996795
-0.004693   -0.000506   0.996738   0.996749        1.575490    1.571304    0.996749        1.566060    -3.034146   0.996749
0.004687   0.000524   0.996693   0.996704        1.566109    1.570271    0.996704        1.566064    0.111272   0.996704
-0.004664   -0.000520   0.996647   0.996658        1.575460    1.571318    0.996658        1.566088    -3.030517   0.996658
0.004623   0.000551   0.996602   0.996613        1.566173    1.570243    0.996613        1.566125    0.118686   0.996613
-0.004544   -0.000524   0.996557   0.996568        1.575340    1.571322    0.996568        1.566206    -3.026837   0.996568
0.004541   0.000484   0.996513   0.996523        1.566256    1.570311    0.996523        1.566214    0.106205   0.996523
-0.004529   -0.000473   0.996468   0.996478        1.575326    1.571271    0.996478        1.566226    -3.037549   0.996478
0.004494   0.000475   0.996423   0.996433        1.566303    1.570320    0.996433        1.566262    0.105325   0.996433
-0.004473   -0.000462   0.996379   0.996389        1.575269    1.571260    0.996389        1.566283    -3.038600   0.996389
0.004476   0.000475   0.996335   0.996345        1.566321    1.570320    0.996345        1.566279    0.105747   0.996345
-0.004419   -0.000473   0.996291   0.996301        1.575215    1.571271    0.996301        1.566336    -3.034961   0.996301
0.004394   0.000459   0.996247   0.996257        1.566403    1.570336    0.996257        1.566362    0.104020   0.996257
-0.004413   -0.000472   0.996206   0.996216        1.575209    1.571270    0.996216        1.566341    -3.035105   0.996216
0.004402   0.000490   0.996162   0.996172        1.566394    1.570305    0.996172        1.566350    0.110825   0.996172
-0.004347   -0.000577   0.996118   0.996128        1.575143    1.571375    0.996128        1.566394    -3.009715   0.996128
0.004167   0.000635   0.996075   0.996084        1.566629    1.570159    0.996084        1.566565    0.151284   0.996084
-0.004171   -0.000686   0.996032   0.996041        1.574967    1.571485    0.996041        1.566553    -2.978518   0.996041
0.004193   0.000693   0.995993   0.996002        1.566603    1.570100    0.996002        1.566529    0.163868   0.996002
-0.004196   -0.000657   0.995951   0.995960        1.574993    1.571456    0.995960        1.566531    -2.986285   0.995960
0.004217   0.000660   0.995909   0.995918        1.566580    1.570134    0.995918        1.566511    0.155197   0.995918
-0.004224   -0.000695   0.995866   0.995875        1.575020    1.571494    0.995875        1.566498    -2.978559   0.995875
0.004193   0.000744   0.995822   0.995831        1.566603    1.570050    0.995831        1.566520    0.175501   0.995831
-0.004164   -0.000785   0.995779   0.995788        1.574960    1.571585    0.995788        1.566542    -2.955242   0.995788
0.004147   0.000839   0.995737   0.995746        1.566649    1.569954    0.995746        1.566547    0.199530   0.995746
-0.004166   -0.000878   0.995694   0.995703        1.574962    1.571678    0.995703        1.566521    -2.933954   0.995703
0.004192   0.000857   0.995651   0.995660        1.566604    1.569935    0.995660        1.566499    0.201763   0.995660
-0.004186   -0.000829   0.995608   0.995617        1.574983    1.571629    0.995617        1.566510    -2.946177   0.995617
0.004171   0.000784   0.995565   0.995575        1.566626    1.570009    0.995575        1.566534    0.185710   0.995575
-0.004197   -0.000800   0.995523   0.995532        1.574994    1.571600    0.995532        1.566504    -2.953209   0.995532
0.004198   0.000799   0.995484   0.995493        1.566598    1.569994    0.995493        1.566504    0.188073   0.995493
-0.004140   -0.000765   0.995442   0.995451        1.574937    1.571565    0.995451        1.566567    -2.958948   0.995451
0.004111   0.000751   0.995400   0.995409        1.566686    1.570042    0.995409        1.566598    0.180742   0.995409
-0.004086   -0.000705   0.995358   0.995367        1.574882    1.571504    0.995367        1.566631    -2.970821   0.995367
0.004059   0.000675   0.995317   0.995325        1.566737    1.570118    0.995325        1.566662    0.164838   0.995325
-0.004024   -0.000637   0.995275   0.995283        1.574821    1.571436    0.995283        1.566703    -2.984730   0.995283
0.003943   0.000582   0.995234   0.995242        1.566853    1.570211    0.995242        1.566791    0.146540   0.995242
-0.003900   -0.000508   0.995193   0.995201        1.574696    1.571307    0.995201        1.566845    -3.012113   0.995201
0.003861   0.000473   0.995153   0.995161        1.566935    1.570321    0.995161        1.566887    0.121900   0.995161
-0.003772   -0.000388   0.995113   0.995120        1.574569    1.571186    0.995120        1.566985    -3.039049   0.995120
0.003780   0.000394   0.995072   0.995080        1.567017    1.570400    0.995080        1.566977    0.103937   0.995080
-0.003760   -0.000436   0.995033   0.995040        1.574556    1.571235    0.995040        1.566992    -3.026032   0.995040
0.003720   0.000420   0.994993   0.995000        1.567076    1.570374    0.995000        1.567034    0.112389   0.995000
-0.003718   -0.000391   0.994954   0.994961        1.574514    1.571189    0.994961        1.567039    -3.036882   0.994961
0.003700   0.000390   0.994914   0.994921        1.567096    1.570404    0.994921        1.567056    0.105068   0.994921
-0.003712   -0.000412   0.994875   0.994882        1.574508    1.571210    0.994882        1.567043    -3.031145   0.994882
0.003719   0.000432   0.994836   0.994843        1.567077    1.570362    0.994843        1.567033    0.115583   0.994843
-0.003719   -0.000398   0.994797   0.994804        1.574515    1.571196    0.994804        1.567037    -3.035097   0.994804
0.003662   0.000444   0.994758   0.994765        1.567134    1.570350    0.994765        1.567088    0.120603   0.994765
-0.003591   -0.000409   0.994719   0.994726        1.574387    1.571207    0.994726        1.567163    -3.028297   0.994726
0.003489   0.000419   0.994681   0.994687        1.567307    1.570375    0.994687        1.567263    0.119593   0.994687
-0.003381   -0.000451   0.994643   0.994648        1.574178    1.571249    0.994648        1.567367    -3.009083   0.994648
0.003321   0.000481   0.994605   0.994611        1.567475    1.570313    0.994611        1.567422    0.143717   0.994611
-0.003272   -0.000460   0.994574   0.994579        1.574068    1.571259    0.994579        1.567474    -3.001983   0.994579
0.003237   0.000429   0.994537   0.994542        1.567559    1.570365    0.994542        1.567513    0.131774   0.994542
-0.003181   -0.000404   0.994499   0.994504        1.573978    1.571203    0.994504        1.567572    -3.015121   0.994504
0.003135   0.000414   0.994462   0.994467        1.567661    1.570380    0.994467        1.567617    0.131335   0.994467
-0.003129   -0.000446   0.994426   0.994431        1.573925    1.571244    0.994431        1.567618    -3.000151   0.994431
0.003121   0.000482   0.994390   0.994395        1.567675    1.570312    0.994395        1.567620    0.153072   0.994395
-0.003103   -0.000492   0.994354   0.994358        1.573899    1.571292    0.994358        1.567637    -2.984209   0.994358
0.003083   0.000478   0.994317   0.994322        1.567713    1.570315    0.994322        1.567658    0.153845   0.994322
-0.003130   -0.000502   0.994281   0.994286        1.573927    1.571302    0.994286        1.567608    -2.982468   0.994286
0.003087   0.000588   0.994245   0.994250        1.567710    1.570205    0.994250        1.567636    0.188200   0.994250
-0.003054   -0.000629   0.994209   0.994214        1.573850    1.571429    0.994214        1.567660    -2.938547   0.994214
0.003028   0.000628   0.994174   0.994179        1.567768    1.570165    0.994179        1.567686    0.204413   0.994179
-0.002991   -0.000666   0.994139   0.994143        1.573787    1.571466    0.994143        1.567714    -2.922556   0.994143
0.002949   0.000645   0.994103   0.994107        1.567847    1.570147    0.994107        1.567759    0.215412   0.994107
-0.002914   -0.000707   0.994068   0.994072        1.573710    1.571507    0.994072        1.567780    -2.903674   0.994072
0.002900   0.000715   0.994033   0.994037        1.567896    1.570077    0.994037        1.567792    0.241884   0.994037
-0.002897   -0.000747   0.993998   0.994003        1.573693    1.571548    0.994003        1.567787    -2.889179   0.994003
0.002896   0.000726   0.993963   0.993968        1.567901    1.570066    0.993968        1.567793    0.245517   0.993968
-0.002889   -0.000768   0.993929   0.993934        1.573685    1.571569    0.993934        1.567789    -2.881794   0.993934
0.002797   0.000735   0.993895   0.993899        1.567999    1.570057    0.993899        1.567886    0.256812   0.993899
-0.002847   -0.000722   0.993861   0.993865        1.573643    1.571523    0.993865        1.567841    -2.893151   0.993865
0.002864   0.000716   0.993827   0.993831        1.567932    1.570076    0.993831        1.567826    0.244827   0.993831
-0.002870   -0.000721   0.993792   0.993797        1.573666    1.571522    0.993797        1.567819    -2.895272   0.993797
0.002809   0.000726   0.993759   0.993763        1.567987    1.570065    0.993763        1.567877    0.253015   0.993763
-0.002705   -0.000717   0.993726   0.993730        1.573502    1.571518    0.993730        1.567980    -2.882543   0.993730
0.002678   0.000667   0.993693   0.993697        1.568118    1.570125    0.993697        1.568019    0.244089   0.993697
-0.002658   -0.000630   0.993659   0.993663        1.573454    1.571430    0.993663        1.568047    -2.908979   0.993663
0.002588   0.000573   0.993626   0.993630        1.568209    1.570220    0.993630        1.568129    0.217807   0.993630
-0.002513   -0.000528   0.993594   0.993597        1.573309    1.571327    0.993597        1.568212    -2.934625   0.993597
0.002405   0.000491   0.993573   0.993576        1.568391    1.570302    0.993576        1.568326    0.201289   0.993576
-0.002411   -0.000455   0.993541   0.993544        1.573207    1.571254    0.993544        1.568327    -2.955154   0.993544
0.002387   0.000466   0.993509   0.993512        1.568409    1.570327    0.993512        1.568349    0.192812   0.993512
-0.002351   -0.000432   0.993478   0.993481        1.573147    1.571231    0.993481        1.568390    -2.959920   0.993481
0.002319   0.000414   0.993447   0.993450        1.568478    1.570380    0.993450        1.568426    0.176724   0.993450
-0.002264   -0.000449   0.993416   0.993419        1.573061    1.571249    0.993419        1.568472    -2.945682   0.993419
0.002184   0.000454   0.993385   0.993387        1.568613    1.570339    0.993387        1.568551    0.205187   0.993387
-0.002157   -0.000470   0.993354   0.993357        1.572954    1.571270    0.993357        1.568573    -2.926937   0.993357
0.002129   0.000429   0.993323   0.993325        1.568667    1.570365    0.993325        1.568610    0.198682   0.993325
-0.002104   -0.000468   0.993300   0.993302        1.572900    1.571268    0.993302        1.568626    -2.922557   0.993302
0.002072   0.000440   0.993269   0.993272        1.568724    1.570353    0.993272        1.568664    0.209285   0.993272
-0.002079   -0.000480   0.993251   0.993253        1.572875    1.571279    0.993253        1.568648    -2.914803   0.993253
0.002093   0.000477   0.993221   0.993223        1.568704    1.570316    0.993223        1.568635    0.224202   0.993223
-0.002076   -0.000505   0.993191   0.993193        1.572872    1.571305    0.993193        1.568645    -2.903092   0.993193
0.002057   0.000501   0.993161   0.993164        1.568739    1.570292    0.993164        1.568665    0.238787   0.993164
-0.002033   -0.000545   0.993132   0.993134        1.572830    1.571345    0.993134        1.568676    -2.879691   0.993134
0.001972   0.000560   0.993103   0.993105        1.568825    1.570233    0.993105        1.568733    0.276548   0.993105
-0.001939   -0.000540   0.993073   0.993075        1.572735    1.571340    0.993075        1.568770    -2.869826   0.993075
0.001964   0.000563   0.993044   0.993046        1.568832    1.570229    0.993046        1.568739    0.279330   0.993046
-0.001895   -0.000570   0.993015   0.993017        1.572692    1.571371    0.993017        1.568803    -2.849387   0.993017
0.001866   0.000523   0.992986   0.992988        1.568930    1.570270    0.992988        1.568844    0.273085   0.992988
-0.001847   -0.000471   0.992957   0.992959        1.572643    1.571271    0.992959        1.568877    -2.891700   0.992959
0.001843   0.000460   0.992928   0.992930        1.568953    1.570333    0.992930        1.568883    0.244625   0.992930
-0.001846   -0.000453   0.992900   0.992901        1.572643    1.571253    0.992901        1.568882    -2.900897   0.992901
0.001817   0.000497   0.992871   0.992872        1.568979    1.570295    0.992872        1.568899    0.267207   0.992872
-0.001781   -0.000536   0.992842   0.992844        1.572578    1.571336    0.992844        1.568923    -2.849544   0.992844
0.001752   0.000547   0.992814   0.992816        1.569044    1.570245    0.992816        1.568947    0.302651   0.992816
-0.001750   -0.000550   0.992786   0.992788        1.572547    1.571351    0.992788        1.568948    -2.836956   0.992788
0.001771   0.000531   0.992758   0.992759        1.569025    1.570262    0.992759        1.568934    0.291143   0.992759
-0.001807   -0.000536   0.992729   0.992731        1.572604    1.571336    0.992731        1.568898    -2.853404   0.992731
0.001822   0.000502   0.992701   0.992703        1.568974    1.570291    0.992703        1.568893    0.268760   0.992703
-0.001845   -0.000428   0.992674   0.992676        1.572641    1.571227    0.992676        1.568889    -2.913747   0.992676
0.001840   0.000393   0.992646   0.992648        1.568956    1.570400    0.992648        1.568901    0.210451   0.992648
-0.001761   -0.000387   0.992618   0.992620        1.572557    1.571186    0.992620        1.568980    -2.925419   0.992620
0.001702   0.000344   0.992592   0.992594        1.569095    1.570450    0.992594        1.569047    0.199529   0.992594
-0.001746   -0.000315   0.992573   0.992574        1.572542    1.571114    0.992574        1.569009    -2.963060   0.992574
0.001740   0.000320   0.992545   0.992547        1.569056    1.570474    0.992547        1.569013    0.181926   0.992547
-0.001757   -0.000326   0.992519   0.992520        1.572553    1.571125    0.992520        1.568996    -2.958190   0.992520
0.001756   0.000306   0.992493   0.992495        1.569040    1.570488    0.992495        1.569001    0.172510   0.992495
-0.001772   -0.000329   0.992467   0.992469        1.572568    1.571128    0.992469        1.568981    -2.958113   0.992469
0.001737   0.000343   0.992442   0.992444        1.569060    1.570450    0.992444        1.569013    0.195211   0.992444
-0.001708   -0.000347   0.992417   0.992419        1.572504    1.571146    0.992419        1.569040    -2.941339   0.992419
0.001739   0.000437   0.992392   0.992394        1.569057    1.570356    0.992394        1.568989    0.246033   0.992394
-0.001614   -0.000546   0.992367   0.992368        1.572410    1.571347    0.992368        1.569079    -2.815334   0.992368
0.001591   0.000473   0.992341   0.992342        1.569206    1.570319    0.992342        1.569124    0.289172   0.992342
-0.001640   -0.000500   0.992316   0.992317        1.572436    1.571300    0.992317        1.569069    -2.845705   0.992317
0.001643   0.000485   0.992290   0.992291        1.569153    1.570307    0.992291        1.569070    0.287135   0.992291
-0.001627   -0.000533   0.992266   0.992267        1.572424    1.571333    0.992267        1.569071    -2.825199   0.992267
0.001602   0.000399   0.992241   0.992242        1.569195    1.570395    0.992242        1.569133    0.243892   0.992242
-0.001546   -0.000407   0.992216   0.992218        1.572343    1.571206    0.992218        1.569185    -2.884286   0.992218
0.001504   0.000382   0.992211   0.992213        1.569292    1.570412    0.992213        1.569232    0.248474   0.992213
-0.001472   -0.000373   0.992188   0.992189        1.572268    1.571172    0.992189        1.569266    -2.893643   0.992189
0.001482   0.000355   0.992164   0.992165        1.569314    1.570439    0.992165        1.569260    0.234919   0.992165
-0.001507   -0.000373   0.992141   0.992142        1.572303    1.571172    0.992142        1.569232    -2.899047   0.992142
0.001495   0.000409   0.992118   0.992119        1.569301    1.570384    0.992119        1.569234    0.267016   0.992119
-0.001479   -0.000429   0.992094   0.992095        1.572276    1.571229    0.992095        1.569244    -2.859283   0.992095
0.001462   0.000429   0.992070   0.992071        1.569334    1.570364    0.992071        1.569260    0.285126   0.992071
-0.001492   -0.000412   0.992068   0.992069        1.572288    1.571212    0.992069        1.569236    -2.871977   0.992069
0.001490   0.000388   0.992046   0.992047        1.569307    1.570405    0.992047        1.569245    0.254936   0.992047
-0.001468   -0.000365   0.992024   0.992025        1.572264    1.571164    0.992025        1.569272    -2.897778   0.992025
0.001437   0.000351   0.992000   0.992001        1.569359    1.570442    0.992001        1.569305    0.239825   0.992001
-0.001431   -0.000349   0.991978   0.991979        1.572228    1.571148    0.991979        1.569311    -2.902710   0.991979
0.001451   0.000338   0.991955   0.991956        1.569345    1.570456    0.991956        1.569294    0.228501   0.991956
-0.001465   -0.000386   0.991933   0.991934        1.572261    1.571186    0.991934        1.569269    -2.883724   0.991934
0.001404   0.000397   0.991931   0.991932        1.569393    1.570396    0.991932        1.569326    0.275384   0.991932
-0.001371   -0.000389   0.991910   0.991911        1.572167    1.571188    0.991911        1.569360    -2.865152   0.991911
0.001295   0.000375   0.991889   0.991889        1.569501    1.570418    0.991889        1.569437    0.281837   0.991889
-0.001258   -0.000359   0.991868   0.991869        1.572054    1.571159    0.991869        1.569477    -2.863392   0.991869
0.001214   0.000268   0.991847   0.991847        1.569582    1.570526    0.991847        1.569543    0.217302   0.991847
-0.001180   -0.000215   0.991826   0.991827        1.571977    1.571013    0.991827        1.569587    -2.961201   0.991827
0.001219   0.000192   0.991806   0.991806        1.569577    1.570603    0.991806        1.569552    0.156243   0.991806
-0.001215   -0.000187   0.991786   0.991787        1.572011    1.570984    0.991787        1.569557    -2.989177   0.991787
0.001182   0.000172   0.991767   0.991768        1.569614    1.570623    0.991768        1.569592    0.144096   0.991768
-0.001119   -0.000179   0.991768   0.991768        1.571915    1.570977    0.991768        1.569654    -2.983039   0.991768
0.001134   0.000202   0.991749   0.991750        1.569662    1.570593    0.991750        1.569635    0.176089   0.991750
-0.001132   -0.000224   0.991731   0.991731        1.571929    1.571023    0.991731        1.569632    -2.945861   0.991731
0.001107   0.000207   0.991713   0.991713        1.569689    1.570588    0.991713        1.569660    0.184687   0.991713
-0.001138   -0.000154   0.991695   0.991695        1.571934    1.570952    0.991695        1.569638    -3.006695   0.991695
0.001132   0.000166   0.991677   0.991678        1.569664    1.570629    0.991678        1.569642    0.145818   0.991678
-0.001092   -0.000170   0.991660   0.991660        1.571888    1.570968    0.991660        1.569682    -2.987082   0.991660
0.001058   0.000153   0.991643   0.991643        1.569738    1.570642    0.991643        1.569718    0.143738   0.991643
-0.001034   -0.000120   0.991626   0.991626        1.571830    1.570917    0.991626        1.569747    -3.026154   0.991626
0.001043   0.000130   0.991609   0.991609        1.569753    1.570665    0.991609        1.569736    0.124221   0.991609
-0.001068   -0.000128   0.991593   0.991593        1.571865    1.570925    0.991593        1.569711    -3.022713   0.991593
0.001075   0.000136   0.991577   0.991577        1.569721    1.570659    0.991577        1.569703    0.125864   0.991577
-0.001091   -0.000163   0.991561   0.991562        1.571887    1.570961    0.991562        1.569684    -2.992937   0.991562
0.001081   0.000127   0.991545   0.991545        1.569715    1.570668    0.991545        1.569699    0.117395   0.991545
-0.001029   -0.000029   0.991530   0.991530        1.571825    1.570825    0.991530        1.569759    -3.113542   0.991530
0.001023   -0.000009   0.991516   0.991516        1.569774    1.570805    0.991516        1.569765    -0.008439   0.991516
-0.001014   -0.000018   0.991501   0.991502        1.571810    1.570815    0.991502        1.569774    -3.123715   0.991502
0.000974   -0.000028   0.991485   0.991486        1.569822    1.570824    0.991486        1.569813    -0.028305   0.991486
-0.000994   0.000010   0.991470   0.991471        1.571791    1.570787    0.991471        1.569794    3.131997   0.991471
0.000972   0.000030   0.991454   0.991455        1.569824    1.570766    0.991455        1.569815    0.031052   0.991455
-0.000940   -0.000143   0.991438   0.991439        1.571736    1.570941    0.991439        1.569838    -2.990482   0.991439
0.000863   0.000131   0.991424   0.991424        1.569933    1.570664    0.991424        1.569916    0.150962   0.991424
-0.000844   -0.000128   0.991410   0.991410        1.571641    1.570926    0.991410        1.569935    -2.990622   0.991410
0.000820   0.000113   0.991395   0.991396        1.569977    1.570682    0.991396        1.569962    0.137270   0.991396
-0.000796   -0.000112   0.991382   0.991382        1.571592    1.570910    0.991382        1.569985    -3.001401   0.991382
0.000817   0.000122   0.991367   0.991367        1.569979    1.570673    0.991367        1.569963    0.148818   0.991367
-0.000784   -0.000117   0.991354   0.991354        1.571580    1.570914    0.991354        1.569997    -2.993227   0.991354
0.000762   0.000099   0.991341   0.991341        1.570035    1.570696    0.991341        1.570022    0.129519   0.991341
-0.000754   -0.000080   0.991353   0.991353        1.571551    1.570877    0.991353        1.570031    -3.035620   0.991353
0.000759   0.000033   0.991340   0.991340        1.570037    1.570763    0.991340        1.570030    0.044081   0.991340
-0.000805   -0.000022   0.991327   0.991328        1.571602    1.570819    0.991328        1.569984    -3.114135   0.991328
0.000751   -0.000011   0.991315   0.991315        1.570046    1.570807    0.991315        1.570039    -0.014026   0.991315
-0.000715   0.000024   0.991302   0.991302        1.571511    1.570772    0.991302        1.570075    3.107370   0.991302
0.000672   -0.000022   0.991289   0.991289        1.570125    1.570819    0.991289        1.570119    -0.033265   0.991289
-0.000633   0.000025   0.991276   0.991276        1.571429    1.570771    0.991276        1.570157    3.101816   0.991276
0.000641   0.000011   0.991263   0.991264        1.570156    1.570785    0.991264        1.570150    0.017834   0.991264
-0.000588   -0.000039   0.991251   0.991252        1.571384    1.570836    0.991252        1.570202    -3.074730   0.991252
0.000592   0.000097   0.991239   0.991239        1.570205    1.570699    0.991239        1.570192    0.162268   0.991239
-0.000581   -0.000138   0.991228   0.991228        1.571378    1.570936    0.991228        1.570193    -2.907814   0.991228
0.000587   0.000189   0.991217   0.991217        1.570209    1.570605    0.991217        1.570174    0.312149   0.991217
-0.000554   -0.000159   0.991206   0.991207        1.571350    1.570956    0.991207        1.570215    -2.862415   0.991207
0.000495   0.000144   0.991196   0.991196        1.570301    1.570651    0.991196        1.570276    0.283000   0.991196
-0.000457   -0.000178   0.991185   0.991185        1.571253    1.570976    0.991185        1.570301    -2.770280   0.991185
0.000485   0.000228   0.991175   0.991176        1.570311    1.570567    0.991176        1.570255    0.438544   0.991176
-0.000500   -0.000268   0.991165   0.991165        1.571296    1.571067    0.991165        1.570224    -2.648703   0.991165
0.000520   0.000258   0.991184   0.991185        1.570276    1.570536    0.991185        1.570210    0.460288   0.991185
-0.000456   -0.000267   0.991175   0.991175        1.571253    1.571066    0.991175        1.570263    -2.612329   0.991175
0.000441   0.000247   0.991164   0.991164        1.570355    1.570547    0.991164        1.570286    0.509963   0.991164
-0.000504   -0.000297   0.991155   0.991155        1.571300    1.571096    0.991155        1.570206    -2.609415   0.991155
0.000504   0.000300   0.991146   0.991146        1.570293    1.570494    0.991146        1.570205    0.536414   0.991146
-0.000503   -0.000341   0.991136   0.991136        1.571299    1.571140    0.991136        1.570183    -2.545402   0.991136
0.000519   0.000354   0.991128   0.991128        1.570277    1.570439    0.991128        1.570162    0.599190   0.991128
-0.000508   -0.000402   0.991120   0.991120        1.571304    1.571202    0.991120        1.570143    -2.472688   0.991120
0.000484   0.000419   0.991111   0.991112        1.570312    1.570374    0.991112        1.570151    0.713411   0.991112
-0.000488   -0.000483   0.991102   0.991103        1.571284    1.571284    0.991103        1.570104    -2.360846   0.991103
0.000415   0.000545   0.991094   0.991094        1.570381    1.570246    0.991094        1.570105    0.919797   0.991094
-0.000348   -0.000535   0.991087   0.991087        1.571145    1.571336    0.991087        1.570152    -2.147944   0.991087
0.000306   0.000528   0.991080   0.991080        1.570490    1.570263    0.991080        1.570180    1.045292   0.991080
-0.000255   -0.000513   0.991073   0.991073        1.571051    1.571314    0.991073        1.570219    -2.031870   0.991073
0.000244   0.000499   0.991066   0.991066        1.570552    1.570293    0.991066        1.570236    1.115314   0.991066
-0.000265   -0.000520   0.991060   0.991060        1.571061    1.571321    0.991060        1.570207    -2.041155   0.991060
0.000221   0.000542   0.991054   0.991054        1.570575    1.570249    0.991054        1.570206    1.183792   0.991054
-0.000177   -0.000567   0.991047   0.991047        1.570973    1.571368    0.991047        1.570197    -1.873032   0.991047
0.000129   0.000607   0.991041   0.991042        1.570667    1.570183    0.991042        1.570170    1.361451   0.991042
-0.000079   -0.000601   0.991036   0.991036        1.570875    1.571402    0.991036        1.570185    -1.701498   0.991036
0.000102   0.000604   0.991030   0.991030        1.570695    1.570187    0.991030        1.570178    1.404112   0.991030
-0.000122   -0.000585   0.991025   0.991025        1.570919    1.571387    0.991025        1.570193    -1.776925   0.991025
0.000114   0.000680   0.991020   0.991021        1.570682    1.570111    0.991021        1.570101    1.403901   0.991021
-0.000061   -0.000613   0.991016   0.991016        1.570858    1.571414    0.991016        1.570175    -1.670517   0.991016
0.000095   0.000567   0.991011   0.991012        1.570701    1.570224    0.991012        1.570216    1.405121   0.991012
-0.000053   -0.000553   0.991008   0.991008        1.570850    1.571355    0.991008        1.570235    -1.667166   0.991008
0.000061   0.000530   0.991004   0.991004        1.570735    1.570261    0.991004        1.570258    1.455587   0.991004
-0.000056   -0.000526   0.991001   0.991001        1.570852    1.571327    0.991001        1.570263    -1.676761   0.991001
0.000083   0.000527   0.990998   0.990998        1.570713    1.570265    0.990998        1.570258    1.413707   0.990998
-0.000049   -0.000503   0.990995   0.990995        1.570846    1.571303    0.990995        1.570287    -1.668628   0.990995
0.000076   0.000473   0.990991   0.990991        1.570720    1.570319    0.990991        1.570313    1.411808   0.990991
-0.000100   -0.000459   0.990988   0.990989        1.570896    1.571260    0.990989        1.570322    -1.784926   0.990989
0.000169   0.000498   0.990988   0.990988        1.570627    1.570294    0.990988        1.570266    1.243188   0.990988
-0.000148   -0.000571   0.990984   0.990985        1.570944    1.571373    0.990985        1.570201    -1.824460   0.990985
0.000104   0.000561   0.990982   0.990982        1.570692    1.570230    0.990982        1.570221    1.386874   0.990982
-0.000136   -0.000519   0.990980   0.990980        1.570932    1.571320    0.990980        1.570255    -1.826877   0.990980
0.000162   0.000490   0.990977   0.990977        1.570634    1.570301    0.990977        1.570275    1.251470   0.990977
-0.000147   -0.000501   0.990975   0.990975        1.570944    1.571302    0.990975        1.570269    -1.856701   0.990975
0.000112   0.000493   0.990972   0.990973        1.570684    1.570299    0.990973        1.570286    1.347309   0.990973
-0.000110   -0.000491   0.990970   0.990970        1.570906    1.571292    0.990970        1.570289    -1.791225   0.990970
0.000115   0.000445   0.990968   0.990968        1.570682    1.570347    0.990968        1.570332    1.319169   0.990968
-0.000091   -0.000417   0.990966   0.990966        1.570888    1.571218    0.990966        1.570365    -1.786265   0.990966
0.000051   0.000394   0.990964   0.990964        1.570745    1.570399    0.990964        1.570395    1.441845   0.990964
-0.000053   -0.000401   0.990963   0.990963        1.570849    1.571201    0.990963        1.570389    -1.702280   0.990963
0.000053   0.000430   0.990963   0.990963        1.570743    1.570362    0.990963        1.570359    1.447123   0.990963
-0.000020   -0.000429   0.990963   0.990963        1.570816    1.571229    0.990963        1.570363    -1.616695   0.990963
-0.000028   0.000415   0.990963   0.990963        1.570824    1.570378    0.990963        1.570377    1.638472   0.990963
0.000016   -0.000367   0.990962   0.990962        1.570781    1.571166    0.990962        1.570426    -1.528321   0.990962
0.000002   0.000309   0.990962   0.990962        1.570794    1.570484    0.990962        1.570484    1.562983   0.990962
0.000015   -0.000312   0.990963   0.990963        1.570781    1.571112    0.990963        1.570481    -1.522015   0.990963
-0.000011   0.000277   0.990965   0.990965        1.570807    1.570517    0.990965        1.570517    1.609859   0.990965
0.000006   -0.000271   0.990967   0.990967        1.570790    1.571070    0.990967        1.570523    -1.547041   0.990967
0.000018   0.000237   0.990969   0.990969        1.570779    1.570557    0.990969        1.570557    1.496416   0.990969
-0.000003   -0.000209   0.990971   0.990971        1.570800    1.571008    0.990971        1.570585    -1.586825   0.990971
0.000024   0.000103   0.990971   0.990971        1.570772    1.570692    0.990971        1.570689    1.340089   0.990971
-0.000087   -0.000064   0.990973   0.990973        1.570883    1.570861    0.990973        1.570687    -2.504570   0.990973
0.000112   0.000026   0.990976   0.990976        1.570684    1.570771    0.990976        1.570680    0.223828   0.990976
-0.000107   -0.000006   0.990979   0.990979        1.570903    1.570802    0.990979        1.570689    -3.084629   0.990979
0.000046   0.000013   0.990990   0.990990        1.570750    1.570783    0.990990        1.570748    0.278443   0.990990
-0.000032   0.000026   0.990993   0.990993        1.570828    1.570770    0.990993        1.570755    2.460722   0.990993
0.000038   -0.000008   0.990996   0.990996        1.570759    1.570805    0.990996        1.570757    -0.213342   0.990996
-0.000028   -0.000020   0.990999   0.990999        1.570824    1.570817    0.990999        1.570762    -2.511230   0.990999
-0.000013   0.000033   0.991003   0.991003        1.570809    1.570763    0.991003        1.570761    1.952619   0.991003
0.000051   0.000025   0.991007   0.991007        1.570745    1.570771    0.991007        1.570739    0.453476   0.991007
-0.000046   -0.000062   0.991010   0.991010        1.570842    1.570859    0.991010        1.570719    -2.206352   0.991010
0.000064   0.000068   0.991015   0.991015        1.570732    1.570728    0.991015        1.570702    0.812803   0.991015
-0.000077   -0.000090   0.991019   0.991019        1.570874    1.570888    0.991019        1.570676    -2.278656   0.991019
0.000080   0.000073   0.991024   0.991024        1.570716    1.570723    0.991024        1.570687    0.736373   0.991024
-0.000094   -0.000063   0.991029   0.991029        1.570890    1.570860    0.991029        1.570682    -2.547162   0.991029
0.000143   0.000128   0.991033   0.991033        1.570654    1.570667    0.991033        1.570603    0.732243   0.991033
-0.000100   -0.000139   0.991038   0.991038        1.570896    1.570937    0.991038        1.570623    -2.192383   0.991038
0.000095   0.000151   0.991051   0.991051        1.570701    1.570644    0.991051        1.570617    1.007052   0.991051
-0.000106   -0.000188   0.991056   0.991056        1.570902    1.570986    0.991056        1.570579    -2.083310   0.991056
0.000124   0.000196   0.991061   0.991061        1.570673    1.570598    0.991061        1.570562    1.007753   0.991061
-0.000154   -0.000177   0.991067   0.991067        1.570951    1.570975    0.991067        1.570559    -2.287752   0.991067
0.000181   0.000181   0.991073   0.991074        1.570615    1.570614    0.991074        1.570538    0.783904   0.991074
-0.000213   -0.000174   0.991080   0.991080        1.571009    1.570971    0.991080        1.570519    -2.458148   0.991080
0.000257   0.000215   0.991085   0.991086        1.570540    1.570580    0.991086        1.570459    0.696585   0.991086
-0.000249   -0.000214   0.991091   0.991092        1.571046    1.571012    0.991092        1.570465    -2.432995   0.991092
0.000246   0.000240   0.991098   0.991098        1.570550    1.570554    0.991098        1.570450    0.772763   0.991098
-0.000229   -0.000270   0.991104   0.991104        1.571026    1.571069    0.991104        1.570439    -2.274097   0.991104
0.000220   0.000281   0.991110   0.991110        1.570576    1.570513    0.991110        1.570436    0.906355   0.991110
-0.000226   -0.000245   0.991117   0.991117        1.571022    1.571043    0.991117        1.570460    -2.315216   0.991117
0.000256   0.000241   0.991124   0.991124        1.570540    1.570553    0.991124        1.570441    0.756172   0.991124
-0.000252   -0.000288   0.991130   0.991131        1.571048    1.571087    0.991131        1.570411    -2.289548   0.991131
0.000207   0.000323   0.991137   0.991137        1.570589    1.570470    0.991137        1.570409    1.000252   0.991137
-0.000207   -0.000343   0.991143   0.991144        1.571003    1.571142    0.991144        1.570393    -2.113425   0.991144
0.000194   0.000330   0.991150   0.991150        1.570602    1.570464    0.991150        1.570410    1.037908   0.991150
-0.000158   -0.000293   0.991157   0.991157        1.570954    1.571092    0.991157        1.570461    -2.064255   0.991157
0.000178   0.000295   0.991164   0.991165        1.570619    1.570499    0.991165        1.570449    1.028144   0.991165
-0.000132   -0.000298   0.991172   0.991172        1.570929    1.571097    0.991172        1.570468    -1.989630   0.991172
0.000131   0.000316   0.991180   0.991180        1.570665    1.570478    0.991180        1.570451    1.175993   0.991180
-0.000128   -0.000357   0.991189   0.991189        1.570924    1.571157    0.991189        1.570413    -1.913908   0.991189
0.000111   0.000369   0.991197   0.991198        1.570685    1.570424    0.991198        1.570408    1.278388   0.991198
-0.000022   -0.000351   0.991207   0.991207        1.570818    1.571150    0.991207        1.570442    -1.633356   0.991207
0.000017   0.000296   0.991216   0.991216        1.570779    1.570498    0.991216        1.570497    1.512393   0.991216
-0.000006   -0.000350   0.991225   0.991225        1.570803    1.571150    0.991225        1.570443    -1.588851   0.991225
-0.000015   0.000352   0.991234   0.991234        1.570812    1.570442    0.991234        1.570441    1.614702   0.991234
-0.000035   -0.000404   0.991244   0.991244        1.570832    1.571204    0.991244        1.570387    -1.658272   0.991244
-0.000010   0.000388   0.991253   0.991253        1.570806    1.570405    0.991253        1.570404    1.596663   0.991253
0.000019   -0.000343   0.991263   0.991263        1.570777    1.571142    0.991263        1.570450    -1.514357   0.991263
-0.000016   0.000377   0.991272   0.991272        1.570812    1.570416    0.991272        1.570415    1.613239   0.991272
0.000003   -0.000450   0.991281   0.991281        1.570793    1.571250    0.991281        1.570343    -1.563602   0.991281
0.000004   0.000502   0.991290   0.991291        1.570792    1.570290    0.991291        1.570290    1.562865   0.991291
-0.000011   -0.000440   0.991300   0.991300        1.570807    1.571240    0.991300        1.570353    -1.596071   0.991300
0.000019   0.000394   0.991310   0.991310        1.570777    1.570399    0.991310        1.570399    1.522566   0.991310
-0.000047   -0.000392   0.991321   0.991321        1.570843    1.571192    0.991321        1.570398    -1.690352   0.991321
0.000047   0.000463   0.991332   0.991332        1.570749    1.570329    0.991332        1.570326    1.468963   0.991332
-0.000008   -0.000496   0.991342   0.991342        1.570805    1.571296    0.991342        1.570296    -1.587373   0.991342
0.000031   0.000486   0.991352   0.991352        1.570766    1.570306    0.991352        1.570305    1.507834   0.991352
-0.000032   -0.000474   0.991362   0.991362        1.570828    1.571274    0.991362        1.570318    -1.638002   0.991362
0.000056   0.000445   0.991372   0.991372        1.570741    1.570347    0.991372        1.570344    1.446493   0.991372
-0.000083   -0.000398   0.991382   0.991382        1.570879    1.571197    0.991382        1.570387    -1.776555   0.991382
0.000079   0.000360   0.991392   0.991392        1.570717    1.570433    0.991392        1.570424    1.355170   0.991392
-0.000112   -0.000318   0.991402   0.991402        1.570909    1.571117    0.991402        1.570456    -1.910464   0.991402
0.000124   0.000346   0.991413   0.991413        1.570672    1.570447    0.991413        1.570426    1.227011   0.991413
-0.000089   -0.000362   0.991424   0.991424        1.570885    1.571161    0.991424        1.570420    -1.812061   0.991424
0.000094   0.000363   0.991435   0.991435        1.570703    1.570430    0.991435        1.570418    1.318332   0.991435
-0.000056   -0.000328   0.991447   0.991447        1.570852    1.571127    0.991447        1.570461    -1.739730   0.991447
0.000052   0.000254   0.991458   0.991458        1.570744    1.570540    0.991458        1.570534    1.368310   0.991458
-0.000073   -0.000204   0.991470   0.991470        1.570870    1.571003    0.991470        1.570577    -1.915289   0.991470
0.000105   0.000238   0.991484   0.991484        1.570691    1.570557    0.991484        1.570534    1.154936   0.991484
-0.000092   -0.000245   0.991496   0.991496        1.570889    1.571044    0.991496        1.570532    -1.930207   0.991496
0.000091   0.000264   0.991508   0.991508        1.570705    1.570530    0.991508        1.570515    1.237219   0.991508
-0.000016   -0.000269   0.991519   0.991519        1.570813    1.571068    0.991519        1.570525    -1.631726   0.991519
0.000029   0.000250   0.991531   0.991531        1.570768    1.570544    0.991531        1.570543    1.456107   0.991531
0.000001   -0.000330   0.991542   0.991543        1.570796    1.571129    0.991543        1.570463    -1.568521   0.991543
-0.000024   0.000358   0.991554   0.991554        1.570820    1.570435    0.991554        1.570434    1.637024   0.991554
0.000077   -0.000325   0.991566   0.991566        1.570720    1.571124    0.991566        1.570459    -1.339708   0.991566
-0.000034   0.000300   0.991578   0.991578        1.570830    1.570494    0.991578        1.570492    1.682552   0.991578
0.000051   -0.000279   0.991590   0.991590        1.570746    1.571078    0.991590        1.570510    -1.391521   0.991590
-0.000012   0.000272   0.991602   0.991603        1.570809    1.570522    0.991603        1.570522    1.616593   0.991603
0.000012   -0.000215   0.991615   0.991615        1.570784    1.571013    0.991615        1.570580    -1.513376   0.991615
0.000015   0.000196   0.991628   0.991628        1.570781    1.570599    0.991628        1.570598    1.492325   0.991628
0.001157   -0.000724   0.991634   0.991635        1.569639    1.571527    0.991635        1.569420    -0.559323   0.991635
