0.102	5.241E+11
0.122	5.110E+11
0.142	4.963E+11
0.163	4.902E+11
0.183	4.719E+11
0.203	4.540E+11
0.224	4.548E+11
0.244	4.483E+11
0.264	4.429E+11
0.285	4.256E+11
0.305	4.208E+11
0.325	4.136E+11
0.346	4.020E+11
0.366	3.864E+11
0.386	3.715E+11
0.407	3.609E+11
0.427	3.535E+11
0.447	3.409E+11
0.468	3.299E+11
0.488	3.288E+11
0.508	3.248E+11
0.529	3.259E+11
0.549	3.268E+11
0.570	3.288E+11
0.590	3.308E+11
0.610	3.339E+11
0.631	3.343E+11
0.651	3.388E+11
0.671	3.403E+11
0.692	3.418E+11
0.712	3.441E+11
0.732	3.485E+11
0.753	3.531E+11
0.773	3.611E+11
0.793	3.669E+11
0.814	3.733E+11
0.834	3.770E+11
0.854	3.819E+11
0.875	3.848E+11
0.895	3.919E+11
0.915	3.941E+11
0.936	3.961E+11
0.956	3.994E+11
0.976	4.065E+11
0.997	4.126E+11
1.017	4.205E+11
1.037	4.239E+11
1.058	4.290E+11
1.078	4.350E+11
1.098	4.384E+11
1.119	4.431E+11
1.139	4.466E+11
1.159	4.515E+11
1.180	4.587E+11
1.200	4.671E+11
1.220	4.751E+11
1.241	4.854E+11
1.261	4.951E+11
1.281	5.073E+11
1.302	5.176E+11
1.322	5.278E+11
1.342	5.368E+11
1.363	5.478E+11
1.383	5.613E+11
1.403	5.731E+11
1.424	5.865E+11
1.444	6.002E+11
1.464	6.174E+11
1.485	6.340E+11
1.505	6.508E+11
1.525	6.656E+11
1.546	6.831E+11
1.566	6.993E+11
1.586	7.169E+11
1.607	7.303E+11
1.627	7.458E+11
1.647	7.627E+11
1.668	7.816E+11
1.688	7.997E+11
1.709	8.171E+11
1.729	8.341E+11
1.749	8.511E+11
1.770	8.692E+11
1.790	8.827E+11
1.810	8.959E+11
1.831	9.069E+11
1.851	9.178E+11
1.871	9.282E+11
1.892	9.401E+11
1.912	9.466E+11
1.932	9.549E+11
1.953	9.613E+11
1.973	9.661E+11
1.993	9.707E+11
2.014	9.709E+11
2.034	9.690E+11
2.054	9.682E+11
2.075	9.644E+11
2.095	9.613E+11
2.115	9.555E+11
2.136	9.486E+11
2.156	9.417E+11
2.176	9.337E+11
2.197	9.240E+11
2.217	9.152E+11
2.237	9.047E+11
2.258	8.941E+11
2.278	8.831E+11
2.298	8.734E+11
2.319	8.618E+11
2.339	8.493E+11
2.359	8.377E+11
2.380	8.236E+11
2.400	8.118E+11
2.420	8.001E+11
2.441	7.881E+11
2.461	7.753E+11
2.481	7.653E+11
2.502	7.552E+11
2.522	7.458E+11
2.542	7.357E+11
2.563	7.264E+11
2.583	7.192E+11
2.603	7.126E+11
2.624	7.048E+11
2.644	6.950E+11
2.664	6.866E+11
2.685	6.799E+11
2.705	6.715E+11
2.725	6.610E+11
2.746	6.530E+11
2.766	6.443E+11
2.786	6.362E+11
2.807	6.274E+11
2.827	6.177E+11
2.848	6.083E+11
2.868	5.996E+11
2.888	5.912E+11
2.909	5.849E+11
2.929	5.761E+11
2.949	5.671E+11
2.970	5.586E+11
2.990	5.506E+11
3.010	5.440E+11
3.031	5.343E+11
3.051	5.237E+11
3.071	5.166E+11
3.092	5.104E+11
3.112	5.026E+11
3.132	4.973E+11
3.153	4.899E+11
3.173	4.837E+11
3.193	4.783E+11
3.214	4.722E+11
3.234	4.663E+11
3.254	4.617E+11
3.275	4.537E+11
3.295	4.479E+11
3.315	4.430E+11
3.336	4.378E+11
3.356	4.311E+11
3.376	4.252E+11
3.397	4.180E+11
3.417	4.134E+11
3.437	4.080E+11
3.458	4.027E+11
3.478	3.971E+11
3.498	3.925E+11
3.519	3.874E+11
3.539	3.836E+11
3.559	3.788E+11
3.580	3.718E+11
3.600	3.681E+11
3.620	3.635E+11
3.641	3.604E+11
3.661	3.564E+11
3.681	3.528E+11
3.702	3.510E+11
3.722	3.490E+11
3.742	3.469E+11
3.763	3.437E+11
3.783	3.403E+11
3.803	3.376E+11
3.824	3.335E+11
3.844	3.286E+11
3.864	3.261E+11
3.885	3.199E+11
3.905	3.187E+11
3.925	3.150E+11
3.946	3.125E+11
3.966	3.084E+11
3.987	3.048E+11
4.007	3.009E+11
4.027	2.976E+11
4.048	2.948E+11
4.068	2.914E+11
4.088	2.894E+11
4.109	2.883E+11
4.129	2.876E+11
4.149	2.865E+11
4.170	2.856E+11
4.190	2.810E+11
4.210	2.789E+11
4.231	2.739E+11
4.251	2.721E+11
4.271	2.683E+11
4.292	2.660E+11
4.312	2.633E+11
4.332	2.614E+11
4.353	2.594E+11
4.373	2.573E+11
4.393	2.543E+11
4.414	2.503E+11
4.434	2.458E+11
4.454	2.413E+11
4.475	2.387E+11
4.495	2.331E+11
4.515	2.313E+11
4.536	2.277E+11
4.556	2.274E+11
4.576	2.250E+11
4.597	2.221E+11
4.617	2.180E+11
4.637	2.166E+11
4.658	2.137E+11
4.678	2.102E+11
4.698	2.050E+11
4.719	2.015E+11
4.739	1.998E+11
4.759	1.982E+11
4.780	1.948E+11
4.800	1.923E+11
4.820	1.900E+11
4.841	1.887E+11
4.861	1.875E+11
4.881	1.840E+11
4.902	1.812E+11
4.922	1.800E+11
4.942	1.771E+11
4.963	1.748E+11
4.983	1.711E+11
5.003	1.668E+11
5.024	1.658E+11
5.044	1.621E+11
5.064	1.592E+11
5.085	1.564E+11
5.105	1.549E+11
5.126	1.537E+11
5.146	1.522E+11
5.166	1.508E+11
5.187	1.498E+11
5.207	1.504E+11
5.227	1.493E+11
5.248	1.464E+11
5.268	1.433E+11
5.288	1.411E+11
5.309	1.381E+11
5.329	1.369E+11
5.349	1.347E+11
5.370	1.319E+11
5.390	1.308E+11
5.410	1.316E+11
5.431	1.304E+11
5.451	1.280E+11
5.471	1.253E+11
5.492	1.229E+11
5.512	1.215E+11
5.532	1.195E+11
5.553	1.163E+11
5.573	1.159E+11
5.593	1.146E+11
5.614	1.140E+11
5.634	1.106E+11
5.654	1.091E+11
5.675	1.072E+11
5.695	1.062E+11
5.715	1.047E+11
5.736	1.049E+11
5.756	1.034E+11
5.776	1.037E+11
5.797	1.021E+11
5.817	1.011E+11
5.837	9.961E+10
5.858	9.859E+10
5.878	9.838E+10
5.898	9.709E+10
5.919	9.433E+10
5.939	9.364E+10
5.959	9.480E+10
5.980	9.391E+10
6.000	9.104E+10
6.020	8.907E+10
6.041	8.826E+10
6.061	8.889E+10
6.081	8.737E+10
6.102	8.450E+10
6.122	8.238E+10
6.142	8.242E+10
6.163	8.092E+10
6.183	8.030E+10
6.203	7.829E+10
6.224	7.860E+10
6.244	7.612E+10
6.265	7.645E+10
6.285	7.488E+10
6.305	7.267E+10
6.326	7.057E+10
6.346	7.040E+10
6.366	6.759E+10
6.387	6.868E+10
6.407	6.759E+10
6.427	6.634E+10
6.448	6.581E+10
6.468	6.394E+10
6.488	6.373E+10
6.509	6.254E+10
6.529	6.080E+10
6.549	5.894E+10
6.570	5.733E+10
6.590	5.831E+10
6.610	5.871E+10
6.631	5.599E+10
6.651	5.558E+10
6.671	5.534E+10
6.692	5.507E+10
6.712	5.569E+10
6.732	5.239E+10
6.753	5.112E+10
6.773	5.261E+10
6.793	5.306E+10
6.814	5.178E+10
6.834	5.173E+10
6.854	5.090E+10
6.875	5.126E+10
6.895	5.163E+10
6.915	4.979E+10
6.936	4.737E+10
6.956	4.740E+10
6.976	4.705E+10
6.997	4.613E+10
7.017	4.526E+10
7.037	4.381E+10
7.058	4.279E+10
7.078	4.362E+10
7.098	4.352E+10
7.119	4.199E+10
7.139	4.006E+10
7.159	3.964E+10
7.180	3.841E+10
7.200	3.860E+10
7.220	3.775E+10
7.241	3.517E+10
7.261	3.393E+10
7.281	3.380E+10
7.302	3.258E+10
7.322	3.157E+10
7.342	3.001E+10
7.363	2.955E+10
7.383	3.005E+10
7.404	3.053E+10
7.424	3.056E+10
7.444	3.098E+10
7.465	3.142E+10
7.485	3.176E+10
7.505	3.166E+10
7.526	3.204E+10
7.546	3.331E+10
7.566	3.424E+10
7.587	3.333E+10
7.607	3.426E+10
7.627	3.474E+10
7.648	3.405E+10
7.668	3.275E+10
7.688	3.092E+10
7.709	3.042E+10
7.729	3.207E+10
7.749	2.998E+10
7.770	2.783E+10
7.790	2.817E+10
7.810	2.863E+10
7.831	2.798E+10
7.851	2.724E+10
7.871	2.636E+10
7.892	2.711E+10
7.912	2.832E+10
7.932	2.776E+10
7.953	2.741E+10
7.973	2.662E+10
7.993	2.515E+10
8.014	2.366E+10
8.034	2.319E+10
8.054	2.295E+10
8.075	2.351E+10
8.095	2.242E+10
8.115	2.356E+10
8.136	2.380E+10
8.156	2.346E+10
8.176	2.374E+10
8.197	2.265E+10
8.217	2.177E+10
8.237	2.174E+10
8.258	2.046E+10
8.278	1.989E+10
8.298	2.012E+10
8.319	1.876E+10
8.339	2.010E+10
8.359	2.014E+10
8.380	2.059E+10
8.400	2.030E+10
8.420	2.083E+10
8.441	2.182E+10
8.461	2.219E+10
8.482	2.037E+10
8.502	2.148E+10
8.522	1.944E+10
8.543	2.048E+10
8.563	2.144E+10
8.583	1.947E+10
8.604	1.934E+10
8.624	1.924E+10
8.644	1.742E+10
8.665	1.905E+10
8.685	1.771E+10
8.705	1.727E+10
8.726	1.755E+10
8.746	1.758E+10
8.766	1.774E+10
8.787	1.715E+10
8.807	1.585E+10
8.827	1.572E+10
8.848	1.521E+10
8.868	1.596E+10
8.888	1.507E+10
8.909	1.468E+10
8.929	1.414E+10
8.949	1.474E+10
8.970	1.443E+10
8.990	1.444E+10
9.010	1.482E+10
9.031	1.457E+10
9.051	1.367E+10
9.071	1.454E+10
9.092	1.584E+10
9.112	1.552E+10
9.132	1.518E+10
9.153	1.330E+10
9.173	1.551E+10
9.193	1.660E+10
9.214	1.461E+10
9.234	1.387E+10
9.254	1.496E+10
9.275	1.465E+10
9.295	1.429E+10
9.315	1.319E+10
9.336	1.220E+10
9.356	1.197E+10
9.376	1.184E+10
9.397	1.154E+10
9.417	1.217E+10
9.437	1.176E+10
9.458	1.101E+10
9.478	1.145E+10
9.498	1.239E+10
9.519	1.199E+10
9.539	1.135E+10
9.559	1.015E+10
9.580	1.079E+10
9.600	1.190E+10
9.621	1.096E+10
9.641	9.900E+09
9.661	8.529E+09
9.682	9.131E+09
9.702	9.509E+09
9.722	8.841E+09
9.743	7.177E+09
9.763	6.634E+09
9.783	7.309E+09
9.804	7.188E+09
9.824	5.902E+09
9.844	6.288E+09
9.865	6.586E+09
9.885	5.643E+09
9.905	6.234E+09
9.926	8.001E+09
9.946	8.295E+09
9.966	9.706E+09
9.987	8.841E+09
10.007	8.426E+09
10.027	1.080E+10
10.048	1.094E+10
10.068	9.529E+09
10.088	1.068E+10
10.109	1.029E+10
10.129	9.063E+09
10.149	9.409E+09
10.170	8.449E+09
10.190	7.725E+09
10.210	7.563E+09
10.231	8.288E+09
10.251	7.599E+09
10.271	8.045E+09
10.292	7.757E+09
10.312	7.833E+09
10.332	8.666E+09
10.353	9.784E+09
10.373	9.358E+09
10.393	8.599E+09
10.414	9.424E+09
10.434	9.776E+09
10.454	9.811E+09
10.475	9.693E+09
10.495	8.307E+09
10.515	7.243E+09
10.536	8.080E+09
10.556	5.808E+09
10.576	5.998E+09
10.597	5.094E+09
10.617	5.610E+09
10.637	5.379E+09
10.658	3.978E+09
10.678	3.005E+09
10.698	5.461E+09
10.719	5.037E+09
10.739	3.422E+09
10.760	2.361E+09
10.780	2.240E+09
10.800	4.462E+09
10.821	5.901E+09
10.841	4.760E+09
10.861	5.396E+09
10.882	6.999E+09
10.902	6.722E+09
10.922	5.818E+09
10.943	3.637E+09
10.963	1.699E+09
10.983	2.570E+09
11.004	2.437E+09
11.024	1.412E+09
11.044	2.676E+09
11.065	3.395E+09
11.085	4.068E+09
11.105	4.236E+09
11.126	3.442E+09
11.146	2.961E+09
11.166	2.777E+09
11.187	2.008E+09
11.207	3.096E+09
11.227	3.763E+09
11.248	4.089E+09
11.268	3.959E+09
11.288	4.400E+09
11.309	5.889E+09
11.329	4.300E+09
11.349	2.087E+09
11.370	3.258E+09
11.390	4.682E+09
11.410	4.804E+09
11.431	4.287E+09
11.451	3.451E+09
11.471	5.368E+09
11.492	7.312E+09
11.512	6.376E+09
11.532	4.555E+09
11.553	7.240E+09
11.573	6.389E+09
11.593	6.883E+09
11.614	7.932E+09
11.634	7.065E+09
11.654	7.219E+09
11.675	7.771E+09
11.695	4.708E+09
11.715	7.223E+09
11.736	7.315E+09
11.756	6.466E+09
11.776	5.854E+09
11.797	5.347E+09
11.817	6.621E+09
11.837	7.767E+09
11.858	7.080E+09
11.878	5.948E+09
11.899	6.558E+09
11.919	7.390E+09
11.939	6.898E+09
11.960	5.512E+09
11.980	4.618E+09
12.000	4.057E+09
12.021	3.843E+09
12.041	2.155E+09
12.061	2.390E+09
12.082	4.224E+09
12.102	3.122E+09
12.122	4.430E+09
12.143	4.662E+09
12.163	6.426E+09
12.183	6.407E+09
12.204	5.363E+09
12.224	2.641E+09
12.244	2.901E+09
12.265	1.152E+09
12.285	3.885E+08
12.305	0.000E+00
12.326	0.000E+00
12.346	0.000E+00
12.366	0.000E+00
12.387	0.000E+00
12.407	2.692E+08
12.427	3.601E+08
12.448	5.300E+08
12.468	3.421E+09
12.488	3.730E+09
12.509	4.594E+09
12.529	7.171E+09
12.549	6.939E+09
12.570	6.080E+09
12.590	6.620E+09
12.610	5.347E+09
12.631	5.608E+09
12.651	4.276E+09
12.671	4.515E+09
12.692	3.455E+09
12.712	3.380E+09
12.732	4.560E+09
12.753	2.756E+09
12.773	2.616E+09
12.793	1.090E+09
12.814	0.000E+00
12.834	0.000E+00
12.854	0.000E+00
12.875	0.000E+00
12.895	0.000E+00
12.915	0.000E+00
12.936	0.000E+00
12.956	1.167E+09
12.976	3.494E+09
12.997	2.310E+09
13.017	1.355E+09
13.038	1.395E+09
13.058	2.531E+09
13.078	3.466E+09
13.099	2.669E+09
13.119	2.481E+09
13.139	2.233E+09
13.160	3.636E+09
13.180	3.194E+09
13.200	3.972E+09
13.221	2.776E+09
13.241	2.110E+09
13.261	2.618E+09
13.282	4.320E+09
13.302	2.317E+09
13.322	3.215E+09
13.343	8.165E+08
13.363	1.260E+09
13.383	8.827E+08
13.404	8.158E+08
13.424	1.264E+09
13.444	3.538E+09
13.465	2.761E+09
13.485	4.172E+09
13.505	3.794E+09
13.526	3.288E+09
13.546	2.558E+09
13.566	1.013E+09
13.587	2.664E+08
13.607	1.430E+09
13.627	9.213E+08
13.648	2.300E+09
13.668	4.468E+09
13.688	4.858E+09
13.709	6.081E+09
13.729	5.530E+09
13.749	4.594E+09
13.770	3.413E+09
13.790	2.190E+09
13.810	1.993E+09
13.831	7.850E+08
13.851	1.796E+08
13.871	9.919E+08
13.892	0.000E+00
13.912	6.625E+08
13.932	1.184E+09
13.953	0.000E+00
13.973	5.110E+08
13.993	5.532E+08
14.014	1.405E+09
14.034	3.199E+09
14.054	4.561E+09
14.075	3.697E+09
14.095	6.415E+09
14.115	6.687E+09
14.136	5.534E+09
14.156	5.931E+09
14.177	6.082E+09
14.197	5.251E+09
14.217	6.541E+09
14.238	6.079E+09
14.258	5.022E+09
14.278	7.095E+09
14.299	5.888E+09
14.319	5.843E+09
14.339	5.384E+09
14.360	4.490E+09
14.380	3.302E+09
14.400	4.640E+09
14.421	3.726E+09
14.441	3.880E+09
14.461	1.785E+09
14.482	2.671E+09
14.502	5.224E+09
14.522	5.139E+09
14.543	4.553E+09
14.563	5.297E+09
14.583	5.922E+09
14.604	7.005E+09
14.624	5.957E+09
14.644	4.571E+09
14.665	5.227E+09
14.685	5.401E+09
14.705	3.133E+09
14.726	1.922E+09
14.746	2.360E+09
14.766	2.750E+09
14.787	4.033E+09
14.807	5.101E+09
14.827	4.834E+09
14.848	4.899E+09
14.868	6.024E+09
14.888	4.810E+09
14.909	5.224E+09
14.929	2.921E+09
14.949	1.873E+09
14.970	2.085E+09
14.990	5.648E+09
