0.106	1.488E+11
0.127	2.050E+11
0.148	1.735E+11
0.170	1.655E+11
0.191	1.525E+11
0.212	1.572E+11
0.233	1.698E+11
0.255	1.750E+11
0.276	1.707E+11
0.297	1.897E+11
0.318	2.090E+11
0.339	2.285E+11
0.361	2.318E+11
0.382	2.332E+11
0.403	2.576E+11
0.424	2.803E+11
0.445	3.066E+11
0.467	3.269E+11
0.488	3.596E+11
0.509	4.085E+11
0.530	4.614E+11
0.552	4.919E+11
0.573	5.182E+11
0.594	5.565E+11
0.615	6.062E+11
0.636	6.405E+11
0.658	6.688E+11
0.679	7.033E+11
0.700	7.414E+11
0.721	7.876E+11
0.742	8.334E+11
0.764	8.744E+11
0.785	9.323E+11
0.806	9.907E+11
0.827	1.039E+12
0.848	1.093E+12
0.870	1.148E+12
0.891	1.198E+12
0.912	1.260E+12
0.933	1.307E+12
0.955	1.357E+12
0.976	1.416E+12
0.997	1.469E+12
1.018	1.514E+12
1.039	1.560E+12
1.061	1.593E+12
1.082	1.627E+12
1.103	1.650E+12
1.124	1.661E+12
1.145	1.676E+12
1.167	1.682E+12
1.188	1.691E+12
1.209	1.687E+12
1.230	1.675E+12
1.251	1.659E+12
1.273	1.648E+12
1.294	1.628E+12
1.315	1.618E+12
1.336	1.598E+12
1.358	1.576E+12
1.379	1.562E+12
1.400	1.550E+12
1.421	1.529E+12
1.442	1.508E+12
1.464	1.480E+12
1.485	1.445E+12
1.506	1.424E+12
1.527	1.399E+12
1.548	1.373E+12
1.570	1.350E+12
1.591	1.320E+12
1.612	1.298E+12
1.633	1.280E+12
1.655	1.256E+12
1.676	1.227E+12
1.697	1.204E+12
1.718	1.175E+12
1.739	1.157E+12
1.761	1.133E+12
1.782	1.104E+12
1.803	1.076E+12
1.824	1.054E+12
1.845	1.030E+12
1.867	1.006E+12
1.888	9.770E+11
1.909	9.506E+11
1.930	9.297E+11
1.951	9.073E+11
1.973	8.826E+11
1.994	8.561E+11
2.015	8.330E+11
2.036	8.068E+11
2.058	7.834E+11
2.079	7.617E+11
2.100	7.346E+11
2.121	7.144E+11
2.142	6.898E+11
2.164	6.691E+11
2.185	6.508E+11
2.206	6.304E+11
2.227	6.068E+11
2.248	5.895E+11
2.270	5.654E+11
2.291	5.469E+11
2.312	5.294E+11
2.333	5.141E+11
2.355	4.943E+11
2.376	4.787E+11
2.397	4.701E+11
2.418	4.573E+11
2.439	4.477E+11
2.461	4.337E+11
2.482	4.192E+11
2.503	4.033E+11
2.524	3.936E+11
2.545	3.780E+11
2.567	3.667E+11
2.588	3.508E+11
2.609	3.364E+11
2.630	3.251E+11
2.651	3.195E+11
2.673	3.117E+11
2.694	3.017E+11
2.715	2.937E+11
2.736	2.896E+11
2.758	2.846E+11
2.779	2.800E+11
2.800	2.726E+11
2.821	2.611E+11
2.842	2.520E+11
2.864	2.450E+11
2.885	2.306E+11
2.906	2.265E+11
2.927	2.136E+11
2.948	2.039E+11
2.970	1.967E+11
2.991	1.933E+11
3.012	1.853E+11
3.033	1.838E+11
3.054	1.710E+11
3.076	1.653E+11
3.097	1.624E+11
3.118	1.486E+11
3.139	1.397E+11
3.161	1.330E+11
3.182	1.263E+11
3.203	1.295E+11
3.224	1.233E+11
3.245	1.187E+11
3.267	1.210E+11
3.288	1.165E+11
3.309	1.163E+11
3.330	1.153E+11
3.351	1.089E+11
3.373	1.078E+11
3.394	1.028E+11
3.415	1.006E+11
3.436	9.919E+10
3.458	9.152E+10
3.479	8.963E+10
3.500	8.275E+10
3.521	8.211E+10
3.542	8.213E+10
3.564	8.176E+10
3.585	7.983E+10
3.606	7.799E+10
3.627	7.462E+10
3.648	7.573E+10
3.670	7.334E+10
3.691	7.210E+10
3.712	6.983E+10
3.733	6.621E+10
3.754	6.680E+10
3.776	6.483E+10
3.797	6.521E+10
3.818	6.342E+10
3.839	5.829E+10
3.861	5.800E+10
3.882	5.663E+10
3.903	5.447E+10
3.924	5.319E+10
3.945	5.124E+10
3.967	4.929E+10
3.988	5.369E+10
4.009	4.797E+10
4.030	4.845E+10
4.051	4.360E+10
4.073	3.575E+10
4.094	3.062E+10
4.115	2.971E+10
4.136	2.643E+10
4.158	2.756E+10
4.179	2.802E+10
4.200	3.204E+10
4.221	3.574E+10
4.242	3.769E+10
4.264	3.841E+10
4.285	3.516E+10
4.306	3.588E+10
4.327	3.036E+10
4.348	2.910E+10
4.370	3.064E+10
4.391	3.069E+10
4.412	2.649E+10
4.433	2.712E+10
4.454	2.508E+10
4.476	2.898E+10
4.497	3.494E+10
4.518	3.356E+10
4.539	2.995E+10
4.561	3.521E+10
4.582	3.308E+10
4.603	2.970E+10
4.624	2.501E+10
4.645	1.847E+10
4.667	1.942E+10
4.688	1.881E+10
4.709	1.942E+10
4.730	1.927E+10
4.751	2.208E+10
4.773	2.400E+10
4.794	2.629E+10
4.815	2.437E+10
4.836	2.501E+10
4.858	2.091E+10
4.879	2.015E+10
4.900	1.936E+10
4.921	2.633E+10
4.942	2.017E+10
4.964	1.738E+10
4.985	1.741E+10
5.006	1.837E+10
5.027	1.979E+10
5.048	2.016E+10
5.070	1.375E+10
5.091	1.398E+10
5.112	1.233E+10
5.133	1.322E+10
5.154	1.140E+10
5.176	8.670E+09
5.197	1.081E+10
5.218	1.191E+10
5.239	1.342E+10
5.261	1.666E+10
5.282	1.542E+10
5.303	1.634E+10
5.324	2.048E+10
5.345	2.303E+10
5.367	1.863E+10
5.388	1.900E+10
5.409	1.776E+10
5.430	1.561E+10
5.451	1.500E+10
5.473	1.020E+10
5.494	6.373E+09
5.515	1.051E+10
5.536	9.064E+09
5.557	8.021E+09
5.579	7.268E+09
5.600	7.268E+09
5.621	7.962E+09
5.642	1.187E+08
5.664	0.000E+00
5.685	3.183E+07
5.706	5.238E+08
5.727	4.748E+09
5.748	6.715E+09
5.770	8.422E+09
5.791	1.612E+10
5.812	1.814E+10
5.833	1.470E+10
5.854	1.889E+10
5.876	1.609E+10
5.897	1.250E+10
5.918	1.290E+10
5.939	9.981E+09
5.961	1.140E+10
5.982	1.336E+10
6.003	8.707E+09
6.024	6.654E+09
6.045	5.526E+09
6.067	4.543E+09
6.088	4.051E+09
6.109	2.316E+09
6.130	8.703E+08
6.151	2.142E+09
6.173	3.993E+09
6.194	4.571E+09
6.215	6.363E+09
6.236	4.715E+09
6.257	4.368E+09
6.279	5.810E+08
6.300	1.217E+09
6.321	0.000E+00
6.342	1.997E+09
6.364	4.075E+08
6.385	3.991E+09
6.406	1.939E+09
6.427	4.685E+09
6.448	5.898E+09
6.470	1.347E+10
6.491	6.678E+09
6.512	3.153E+09
6.533	2.806E+09
6.554	3.875E+09
6.576	4.048E+09
6.597	0.000E+00
6.618	0.000E+00
6.639	0.000E+00
6.661	1.072E+09
6.682	3.441E+09
6.703	3.528E+09
6.724	1.708E+09
6.745	4.163E+09
6.767	3.239E+09
6.788	2.632E+09
6.809	3.788E+09
6.830	4.073E+08
6.851	3.759E+09
6.873	4.105E+09
6.894	5.261E+09
6.915	4.509E+09
6.936	6.589E+09
6.957	5.203E+09
6.979	6.531E+09
7.000	1.187E+09
