## Wavelength Along Top (Angstroms) v Time 
                0.0904362     0.101471     0.113852     0.127745     0.143332     0.160821     0.180444     0.202461     0.227166     0.254883     0.285984      0.32088     0.360033     0.403964     0.453255      0.50856     0.570613     0.640239     0.718361     0.806012     0.904362      1.01471      1.13852      1.27745      1.43332      1.60821      1.80444      2.02461      2.27166      2.54883      2.85984       3.2088      3.60033      4.03964      4.53255       5.0856      5.70613      6.40239      7.18361      8.06012      9.04362      10.1471      11.3852      12.7745      14.3332 
  0.00000000            0            0            0            0            0            0            0            0            0            0            0            0            0            0            0            0            0            0            0            0            0            0            0            0            0            0            0            0            0            0            0            0            0            0            0            0            0            0            0            0            0            0            0            0            0 
   1.122e-05            0            0            0            0            0            0            0            0            0            0            0            0            0            0            0            0            0            0            0            0            0            0            0            0            0            0            0            0            0            0            0            0            0            0            0            0            0            0            0            0            0            0            0            0            0 
  1.2589e-05            0            0            0            0            0            0            0            0            0            0            0            0            0            0            0            0            0            0            0            0            0            0            0            0            0            0            0            0            0            0            0            0            0            0            0            0            0            0            0            0            0            0            0            0            0 
  1.4125e-05            0            0            0            0            0            0            0            0            0            0            0            0            0            0            0            0            0            0            0            0            0            0            0            0            0            0            0            0            0            0            0            0            0            0            0            0            0            0            0            0            0            0            0            0            0 
  1.5849e-05            0            0            0            0            0            0            0            0            0            0            0            0            0            0            0            0            0            0            0            0            0            0            0            0            0            0            0            0            0            0            0            0            0            0            0            0            0            0            0            0            0            0            0            0            0 
  1.7783e-05            0            0            0            0            0            0            0            0            0            0            0            0            0            0            0            0            0            0            0            0            0            0            0            0            0            0            0            0            0            0            0            0            0            0            0            0            0            0            0            0            0            0            0            0            0 
  1.9953e-05            0            0            0            0            0            0            0            0            0            0            0            0            0            0            0            0            0            0            0            0            0            0            0            0            0            0            0            0            0            0            0            0            0            0            0            0            0            0            0            0            0            0            0            0            0 
  2.2387e-05            0            0            0            0            0            0            0            0            0            0            0            0            0            0            0            0            0            0            0            0            0            0            0            0            0            0            0            0            0            0            0            0            0            0            0            0            0            0            0            0            0            0            0            0            0 
  2.5119e-05            0            0            0            0            0            0            0            0            0            0            0            0            0            0            0            0            0            0            0            0            0            0            0            0            0            0            0            0            0            0            0            0            0            0            0            0            0            0            0            0            0            0            0            0            0 
  2.8184e-05            0            0            0            0            0            0            0            0            0            0            0            0            0            0            0            0            0            0            0            0            0            0            0            0            0            0            0            0            0            0            0            0            0            0            0            0            0            0            0            0            0            0            0            0            0 
  3.1623e-05            0            0            0            0            0            0            0            0            0            0            0            0            0            0            0            0            0            0            0            0            0            0            0            0            0            0            0            0            0            0            0            0            0            0            0            0            0            0            0            0            0            0            0            0            0 
  3.5481e-05            0            0            0            0            0            0            0            0            0            0            0            0            0            0            0            0            0            0            0            0            0            0            0            0            0            0            0            0            0            0            0            0            0            0            0            0            0            0            0            0            0            0            0            0            0 
  3.9811e-05            0            0            0            0            0            0            0            0            0            0            0            0            0            0            0            0            0            0            0            0            0            0            0            0            0            0            0            0            0            0            0            0            0            0            0            0            0            0            0            0            0            0            0            0            0 
  4.4668e-05            0            0            0            0            0            0            0            0            0            0            0            0            0            0            0            0            0            0            0            0            0            0            0            0            0            0            0            0            0            0            0            0            0            0            0            0            0            0            0            0            0            0            0            0            0 
  5.0119e-05            0            0            0            0            0            0            0            0            0            0            0            0            0            0            0            0            0            0            0            0            0            0            0            0            0            0            0            0            0            0            0            0            0            0            0            0            0            0            0            0            0            0            0            0            0 
  5.6234e-05            0            0            0            0            0            0            0            0            0            0            0            0            0            0            0            0            0            0            0            0            0            0            0            0            0            0            0            0            0            0            0            0            0            0            0            0            0            0            0            0            0            0            0            0            0 
  6.3096e-05            0            0            0            0            0            0            0            0            0            0            0            0            0            0            0            0            0            0            0            0            0            0            0            0            0            0            0            0            0            0            0            0            0            0            0            0            0            0            0            0            0            0            0            0            0 
  7.0795e-05            0            0            0            0            0            0            0            0            0            0            0            0            0            0            0            0            0            0            0            0            0            0            0            0            0            0            0            0            0            0            0            0            0            0            0            0            0            0            0            0            0            0            0            0            0 
  7.9433e-05            0            0            0            0            0            0            0            0            0            0            0            0            0            0            0            0            0            0            0            0            0            0            0            0            0            0            0            0            0            0            0            0            0            0            0            0            0            0            0            0            0            0            0            0            0 
  8.9125e-05            0            0            0            0            0            0            0            0            0            0            0            0            0            0            0            0            0            0            0            0            0            0            0            0            0            0            0            0            0            0            0            0            0            0            0            0            0            0            0            0            0            0            0            0            0 
       1e-04            0            0            0            0            0            0            0            0            0            0            0            0            0            0            0            0            0            0            0            0            0            0            0            0            0            0            0            0            0            0            0            0            0            0            0            0            0            0            0            0            0            0            0            0            0 
   0.0001122            0            0            0            0            0            0            0            0            0            0            0            0            0            0            0            0            0            0            0            0            0            0            0            0            0            0            0            0            0            0            0            0            0            0            0            0            0            0            0            0            0            0            0            0            0 
  0.00012589            0            0            0            0            0            0            0            0            0            0            0            0            0            0            0            0            0            0            0            0            0            0            0            0            0            0            0            0            0            0            0            0            0            0            0            0            0            0            0            0            0            0            0            0            0 
  0.00014125            0            0            0            0            0            0            0            0            0            0            0            0            0            0            0            0            0            0            0            0            0            0            0            0            0            0            0            0            0            0            0            0            0            0            0            0            0            0            0            0            0            0            0            0            0 
  0.00015849            0            0            0            0            0            0            0            0            0            0            0            0            0            0            0            0            0            0            0            0            0            0            0            0            0            0            0            0            0            0            0            0            0            0            0            0            0            0            0            0            0            0            0            0            0 
  0.00017783            0            0            0            0            0            0            0            0            0            0            0            0            0            0            0            0            0            0            0            0            0            0            0            0            0            0            0            0            0            0            0            0            0            0            0            0            0            0            0            0            0            0            0            0            0 
  0.00019953            0            0            0            0            0            0            0            0            0            0            0            0            0            0            0            0            0            0            0            0            0            0            0            0            0            0            0            0            0            0            0            0            0            0            0            0            0            0            0            0            0            0            0            0            0 
  0.00022387            0            0            0            0            0            0            0            0            0            0            0            0            0            0            0            0            0            0            0            0            0            0            0            0            0            0            0            0            0            0            0            0            0            0            0            0            0            0            0            0            0            0            0            0            0 
  0.00025119      14.1366            0            0            0            0            0            0            0            0            0            0            0            0            0            0            0            0            0            0            0            0            0            0            0            0            0            0            0            0            0            0            0            0            0            0            0            0            0            0            0            0            0            0            0            0 
  0.00028184      28.8669      6.13386            0            0            0            0            0            0            0            0            0            0            0            0            0            0            0            0            0            0            0            0            0            0            0            0            0            0            0            0            0            0            0            0            0            0            0            0            0            0            0            0            0            0            0 
  0.00031623      91.9201      27.3987            0            0            0            0            0            0            0            0            0            0            0            0            0            0            0            0            0            0            0            0            0            0            0            0            0            0            0            0            0            0            0            0            0            0            0            0            0            0            0            0            0            0            0 
  0.00035481      128.058      64.5822      19.1374            0      4.87411            0            0            0            0            0            0            0            0            0            0            0            0            0            0            0            0            0            0            0            0            0            0            0            0            0            0            0            0            0            0            0            0            0            0            0            0            0            0            0            0 
  0.00039811      358.711      157.611      51.4316      25.4063       7.7504            0            0            0            0            0            0            0            0            0            0            0            0            0            0            0            0            0            0            0            0            0            0            0            0            0            0            0            0            0            0            0            0            0            0            0            0            0            0            0            0 
  0.00044668      379.738      229.947      183.476      66.0433      11.6132      7.85856            0            0            0            0            0            0            0            0            0            0            0            0            0            0            0            0            0            0            0            0            0            0            0            0            0            0            0            0            0            0            0            0            0            0            0            0            0            0            0 
  0.00050119      684.245      372.114      292.474       150.65      77.2795      24.0423      6.31538            0            0            0            0            0            0            0            0            0            0            0            0            0            0            0            0            0            0            0            0            0            0            0            0            0            0            0            0            0            0            0            0            0            0            0            0            0            0 
  0.00056234      777.104      616.645      405.319      216.704      100.231      67.3527      17.5321      3.19048            0            0            0            0            0            0            0            0            0            0            0            0            0            0            0            0            0            0            0            0            0            0            0            0            0            0            0            0            0            0            0            0            0            0            0            0            0 
  0.00063096      879.659       746.34      522.824      363.449      252.473      113.652      55.7203      15.5753      5.29176            0            0            0            0            0            0            0            0            0            0            0            0            0            0            0            0            0            0            0            0            0            0            0            0            0            0            0            0            0            0            0            0            0            0            0            0 
  0.00070795      885.555      748.291      639.152      448.004       314.93      222.697      115.369      50.6525      29.1515       11.859      2.51232            0            0            0            0            0            0            0            0            0            0            0            0            0            0            0            0            0            0            0            0            0            0            0            0            0            0            0            0            0            0            0            0            0            0 
  0.00079433       891.87      801.673      719.291      569.667      409.957      332.024       229.51      104.797      52.1765      13.5028      1.37576            0            0            0            0            0            0            0            0            0            0            0            0            0            0            0            0            0            0            0            0            0            0            0            0            0            0            0            0            0            0            0            0            0            0 
  0.00089125      787.876      812.819      760.043      649.691      527.213      373.963      276.077      199.427      92.1742      47.7112      18.8263            0       3.4209            0            0            0            0            0            0            0            0            0            0            0            0            0            0            0            0            0            0            0            0            0            0            0            0            0            0            0            0            0            0            0            0 
       0.001      681.374      739.235       773.98      699.501      626.208      434.448      348.585      259.934      154.059      82.9139      56.6609      16.4187      1.43457            0            0            0            0            0            0            0            0            0            0            0            0            0            0            0            0            0            0            0            0            0            0            0            0            0            0            0            0            0            0            0            0 
    0.001122      524.042      603.113      621.879      650.304      601.344      482.249      459.737      345.461      228.806      143.151       65.941      33.6744      16.2712        2.909            0            0            0            0            0            0            0            0            0            0            0            0            0            0            0            0            0            0            0            0            0            0            0            0            0            0            0            0            0            0            0 
   0.0012589      404.997      462.456      501.004      536.434      542.569      509.183      475.021      380.864      280.835      230.475      146.324      77.0505      42.3041      7.49987     0.937311            0            0            0            0            0            0            0            0            0            0            0            0            0            0            0            0            0            0            0            0            0            0            0            0            0            0            0            0            0            0 
   0.0014125      238.952      301.615      381.756      472.415      507.873      545.314      482.434      407.997      360.043      269.532      168.581      108.835      74.3564      27.5242      11.7746      3.38891      1.26033            0            0            0            0            0            0            0            0            0            0            0            0            0            0            0            0            0            0            0            0            0            0            0            0            0            0            0            0 
   0.0015849      167.928      178.102      254.529      347.294      377.292      409.261      438.389      401.823      377.617      294.813      221.987      164.326      104.381      59.5803      29.4608      13.1923     0.997969            0            0            0            0            0            0            0            0            0            0            0            0            0            0            0            0            0            0            0            0            0            0            0            0            0            0            0            0 
   0.0017783      134.759       139.99      169.832      245.318      295.212      303.272      343.617      362.384      363.955      317.367      284.759      217.365      127.562      81.0804      45.9691      18.7919      11.3918      1.36718            0            0            0            0            0            0            0            0            0            0            0            0            0            0            0            0            0            0            0            0            0            0            0            0            0            0            0 
   0.0019953      74.0599      96.1355      121.999      170.347      211.093      275.254      283.552      325.097      343.729      293.465      278.018      241.708      189.959      122.724       87.606      40.6879      23.3945      9.61622      3.25082     0.883311            0            0            0            0            0            0            0            0            0            0            0            0            0            0            0            0            0            0            0            0            0            0            0            0            0 
   0.0022387      56.6468      71.8895      77.7036      107.656      140.855      185.292      223.548       254.39       263.11      271.479      294.569      255.343      217.406      157.677      127.669      69.5684      49.9311      21.5255      5.64788      2.19396     0.732201            0            0            0            0            0            0            0            0            0            0            0            0            0            0            0            0            0            0            0            0            0            0            0            0 
   0.0025119      48.7473      50.0323       61.789      71.7364      78.9828      113.634      148.573      178.219      193.152      231.097      260.791      251.228      223.553      179.896      153.168      69.3279      73.7623      39.6444      11.8314      6.02455      3.44372            0            0            0            0            0            0            0            0            0            0            0            0            0            0            0            0            0            0            0            0            0            0            0            0 
   0.0028184      26.3923      36.6324      36.4433      44.7179      58.6128      73.5028      93.6823      129.518      158.645      176.574      200.586      227.545      243.916      208.047      166.047      110.216      81.5023      65.6798      34.3244      9.30832      7.54814      4.16102            0            0            0            0            0            0            0            0            0            0            0            0            0            0            0            0            0            0            0            0            0            0            0 
   0.0031623      20.4715      24.1111      24.6286      34.5213      35.8844      47.8907       60.036      72.0889      100.094      139.353       181.55      193.343      213.565      188.182      162.319      128.349      98.3984      81.9441       51.591       18.887      14.2587      5.33687     0.485228            0            0            0            0            0            0            0            0            0            0            0            0            0            0            0            0            0            0            0            0            0            0 
   0.0035481      15.8582      14.3704      16.8062      24.3013      24.8927      30.8662      33.5975      57.0533      54.4997      84.0389      127.594      154.702      187.772      172.097      197.336      136.759      130.123      92.6041       72.466      30.5832      25.0805      12.5327      4.26449      1.31883     0.993287            0            0            0            0            0            0            0            0            0            0            0            0            0            0            0            0            0            0            0            0 
   0.0039811      8.75254      12.8426      14.1009      17.5584      19.9466      25.4535      30.7617      25.0602      36.5401       46.859      82.7603       108.57      130.146      141.548      166.071      150.381      138.329      134.555      76.6346      47.7177      36.6668      20.6107      8.83707      4.22509      0.15459            0            0            0            0            0            0            0            0            0            0            0            0            0            0            0            0            0            0            0            0 
   0.0044668       9.0361      8.63173      12.3311      11.6944      13.7183       16.642      22.7014      20.8581      24.2513      33.2132      47.2818      76.5074      100.607      115.603      150.065      117.945      145.651      124.813      82.8552       59.566      55.5343      31.8748       18.994      6.09981       3.5705      1.00547            0            0            0            0            0            0            0            0            0            0            0            0            0            0            0            0            0            0            0 
   0.0050119       4.2684      6.49964      7.78172      7.83122      10.0812      6.97896      10.9021      14.9574      12.6625      19.9122      27.1317      50.2338      63.1949      82.4404      109.861      108.873      121.034      120.905       105.84      60.9558      63.8404      40.5582      21.3349      9.42111      7.20201      1.34534     0.692853            0            0            0            0            0            0            0            0            0            0            0            0            0            0            0            0            0            0 
   0.0056234      4.80887      3.93732        5.002      5.42853      7.26551      6.97121      9.84934      10.3038      16.4968      13.1746      17.7305      24.0897      44.8201      50.8538      85.1245      82.8357      109.576      103.942      108.961      55.7988      75.2175      47.7278      31.5811      20.8453      10.3528      2.96805      1.45186      2.05575      0.19059            0            0            0            0            0            0            0            0            0            0            0            0            0            0            0            0 
   0.0063096      2.37724      3.89467      2.58986      4.17892      5.54882      6.03613      5.59769      5.47755      5.78468      9.18731      11.2823      15.0618       23.278      34.7879      48.7482      62.2509      69.5902      98.7394      81.7774      62.0718      80.2213      54.1314      33.5754      27.0177      15.3401      7.30221      5.08179      3.63459            0     0.249382            0            0            0            0            0            0            0            0            0            0            0            0            0            0            0 
   0.0070795      1.42986       1.7542       1.8587      3.13078      4.31589      4.31035      4.55061      4.48888      4.89425      7.31044      7.85796      10.4722      14.6793      21.8957      29.9266      37.3558      51.1575       71.891      76.1929      59.7093      75.8177      50.8351      38.2184      32.1974      23.6961      15.1153      6.19414      4.08685      1.49148     0.662097            0            0            0            0            0            0            0            0            0            0            0            0            0            0            0 
   0.0079433      1.82281      1.58406       1.8382      2.64843      3.07032       2.4552      2.99544       3.1698      3.61017       4.0922      5.27231      7.02441       8.6823      11.9547      20.4034      26.9812      35.5574      51.6842      56.5865      51.2207      74.2006      56.8154      43.1574      38.4069      24.3921      15.6412      5.42806       7.2883      5.29294      1.07154            0            0            0            0            0            0            0            0            0            0            0            0            0            0            0 
   0.0089125     0.476231      1.04757      1.34853     0.964853      2.35957      1.72511      2.67638      2.11869      2.19579      2.16876      2.92885      4.32439      5.32273      6.91936      10.4966      14.4033      24.0635      36.4388      41.3049       42.789      61.3407      48.3341      46.9739      42.7923      33.2904      20.0364      11.1719      9.40942      2.24041      2.47555     0.847147     0.349671            0            0            0            0            0            0            0            0            0            0            0            0            0 
        0.01     0.734356     0.782125     0.568942     0.876532      0.58853       1.8249      1.47101      1.21733      2.22491      2.20044      1.88628      2.70505      3.14549      3.36165      7.91125      11.3641      11.4195      19.9735      24.1384      25.8673      42.5239      44.9325       37.707      42.0384      34.3131      24.0689      15.1762      12.0005      6.27721      3.64937      2.42938      0.57192            0            0            0            0            0            0            0            0            0            0            0            0            0 
     0.01122     0.384842     0.635531       0.8699     0.396745     0.469313     0.858893      1.19508      1.09581     0.587684      1.82781      1.34061      2.30718      1.98358      2.51029      4.13034      5.78447      7.20192      13.3307      11.6688      16.4363      27.8515      31.7846      37.1612      39.0875      33.8889      25.6525      18.9259      15.9017      8.72122      4.36508       3.8211     0.827484     0.327689            0    0.0910236            0            0            0            0            0            0            0            0            0            0 
    0.012589     0.264334            0     0.277186            0     0.220959     0.782352     0.768662      1.06252      1.13509     0.829522     0.924659      1.19747      1.75314      1.96587      2.63001      3.89933      4.12407      7.58045      9.66587      10.6163      18.8246       23.977      26.0282      35.3309      32.8014      28.2325      28.1144      17.7219      11.6248      7.47551      4.56917       1.9272     0.949121     0.136313            0            0            0            0            0            0            0            0            0            0            0 
    0.014125            0     0.168602    0.0203771     0.510043     0.278759     0.193337      0.68284     0.761525     0.403306     0.430535     0.457879     0.625557      0.85282      1.61033      1.32817      1.76748      2.82204      4.26392      4.64423      6.55673      10.5471      13.1018      19.7562      27.7729      31.4118      26.2668      25.0715      19.5075      14.2005      8.05023      4.37415      2.82606      1.43301     0.406116      0.37954            0            0            0            0            0            0            0            0            0            0 
    0.015849            0            0     0.147298      0.45504     0.195211     0.136475     0.144037    0.0295655     0.413969     0.324435     0.658908     0.401311     0.716717     0.534239      1.52262      1.24665      2.16281      2.36076       2.5746      4.04126      6.31625      7.81476      13.8871      20.4179      24.7142      25.2891      28.4708      21.3898       16.535       11.769      7.37075      3.08847      1.65495     0.957771      0.19815    0.0537992    0.0591023            0            0            0            0            0            0            0            0 
    0.017783    0.0233482            0     0.102762     0.149066     0.139342     0.175993     0.263192     0.339824     0.102023     0.422248     0.534862     0.327067     0.308699     0.587336     0.549487      1.02929      1.32743      1.66853      1.86214      1.93651      2.52201      6.23571      7.99396      14.3081        16.72      24.8947      26.2655      21.8766      18.0767      10.8373      9.47353      5.48714      3.60609      1.20499      1.02177     0.495192    0.0720819            0            0            0            0            0            0            0            0 
    0.019953            0    0.0789845     0.104793    0.0772801    0.0666829    0.0785361    0.0812716    0.0653161      0.47348    0.0408913     0.261922    0.0903985     0.460177      0.53959     0.855821     0.311652     0.718492      1.24722      1.47218      1.71156      2.67968       3.2341      4.96406      10.4801      14.8094      21.4261      22.5592      19.6363       17.059      12.8725      9.26762      6.79806      3.77857      2.10697      1.09612     0.396069     0.195694   0.00392841   0.00300724            0            0            0            0            0            0 
    0.022387            0            0            0    0.0606455    0.0227555    0.0988822    0.0794506    0.0674263    0.0983409      0.16648     0.043528     0.258546     0.030351     0.156137     0.155097     0.509827      0.70179      1.10363      1.06706      1.09792       1.1322      1.85529      3.52919      8.66337      11.4812      16.0958      19.5962      20.1936      15.4027      12.9998      9.77524      6.92262      4.37654      2.96918       1.3314     0.658619     0.118652    0.0691456    0.0812939            0   0.00219401            0            0            0            0 
    0.025119            0            0            0    0.0663348   0.00870579            0    0.0272553   3.0512e-06     0.118642      0.10969      0.08508     0.107253     0.290282     0.397344     0.407929     0.161024     0.226208      0.45984     0.775454      0.47391     0.783523      1.35764       2.6894       6.6551      9.51095      13.0734      16.1428      16.9886      15.7515      12.4127      9.98966      6.36115      5.48856      2.41891      1.57749      1.07086     0.785664      0.30504    0.0367556   0.00554314            0            0            0            0            0 
    0.028184            0            0            0            0            0            0   0.00928493    0.0559668     0.128206     0.049171    0.0962704     0.102041    0.0203401      0.26488    0.0900949     0.360291     0.345317    0.0494329     0.327636     0.308855     0.512529     0.958396      2.54286      5.66101      8.11815      12.0134      13.8758      14.2732      13.6388      12.4716      10.1427      7.10162      4.46019      3.27341      1.98721      1.26953     0.632291     0.346101     0.201245    0.0401071     0.102912            0            0            0            0 
    0.031623            0            0            0            0    0.0370713            0            0            0   0.00912755   0.00913247    0.0269536    0.0265935  0.000902593    0.0937868     0.295421    0.0248668     0.257771     0.399473     0.178621     0.242548     0.696159     0.549053       1.7389      3.90398      7.87411      8.72118      12.7964      12.8735      11.9206      10.8588      8.85208      6.68253      4.78157      3.74008      1.96511      1.31097     0.737917      0.36945     0.224779    0.0427923    0.0955123   0.00125803            0            0            0 
    0.035481            0            0            0            0            0            0    0.0312222            0            0            0            0    0.0667457    0.0289664            0    0.0108331     0.113273     0.110708     0.186203      0.07527      0.30292     0.464818     0.649759      1.71194      3.30735        5.542      8.82509      10.4956      12.3446      10.5327      9.98981      7.35891      6.54364      4.33182       3.3576      2.41904      1.27912     0.899012     0.327197     0.249264     0.158861     0.105108    0.0216191   0.00625473   0.00225971            0 
    0.039811            0            0            0            0            0            0            0            0            0    0.0228098  9.37676e-09            0    0.0146964            0      0.04493    0.0437133     0.064067    0.0521753     0.180167    0.0690451     0.212076     0.472806       1.3584      3.21905       4.5248      7.42078      8.99409      10.2827      9.70793       8.3268      7.07772      4.97781       4.1036      2.98921      2.10149      1.28373      0.88743     0.424195     0.316026     0.144937    0.0648178    0.0554492    0.0104879   0.00468379            0 
    0.044668            0            0            0            0            0            0            0            0            0            0     0.012917            0    0.0280253    0.0243562            0    0.0875457    0.0277152     0.184127     0.121571    0.0290805     0.268416     0.381708     0.985131      2.38779      4.38842      6.26357      7.37788      8.58474      8.62515      7.71395      6.62845      4.76933      3.47354      2.69654       1.5749        1.186     0.988421     0.381879     0.284886     0.166035      0.13308     0.110279    0.0180104    0.0035457   0.00198052 
    0.050119            0            0            0            0            0            0            0            0            0            0            0            0    0.0220191            0            0            0    0.0621261    0.0445703      0.10289     0.108148     0.212568     0.186821     0.943563      2.09284      3.37236       5.2281      6.89063      7.61645      6.86749      6.22917      4.82032      4.37098      2.95906      1.84313      1.34228     0.959478     0.783808     0.434856     0.249463     0.167613     0.106423     0.116487    0.0399479    0.0112759   0.00211574 
    0.056234            0            0            0            0            0            0            0            0            0            0            0            0    0.0224674            0            0    0.0225179   0.00890892     0.042807    0.0194545    0.0325159     0.118247     0.337425     0.657195      1.71977      3.16372      4.27083      5.89953      6.25949      6.18211      5.83022      4.26497      3.50618       2.6039      1.60378      1.10055      1.07616     0.672789     0.297218     0.252967      0.14262     0.103797     0.112198    0.0369795    0.0209654   0.00319467 
    0.063096            0            0            0            0            0            0            0            0            0            0    0.0117441            0            0    0.0152304    0.0164204   0.00545214            0    0.0101076    0.0971034    0.0365299     0.050134     0.203027     0.506726       1.3269      2.57022      3.26981      4.63043      5.35425      4.65049       4.2989      3.61007      3.01036      2.12554      1.68897     0.986361     0.736552     0.540513     0.239326     0.204953     0.134529       0.1157    0.0802563    0.0212591    0.0181986   0.00733892 
    0.070795            0            0            0            0            0            0            0            0            0            0            0            0            0            0            0            0            0            0            0   0.00315244     0.122608     0.129893     0.587673      1.13101      2.08209      2.94621       3.5172       4.1471      3.80895      3.49049      2.70996      2.35468      1.76496      1.19481     0.711179     0.613714     0.435925     0.207484     0.164266    0.0993061    0.0714969    0.0843405    0.0250648    0.0107071   0.00485363 
    0.079433            0            0            0            0            0            0            0            0            0            0            0            0            0            0            0            0    0.0188202    0.0184879            0   0.00677952    0.0268444     0.160358     0.395156     0.789534      1.48309      2.39412      2.74271      3.12456      2.92284       2.9098      2.20874      1.86123      1.36648      1.03405     0.538699     0.472015     0.349158     0.180577     0.118151    0.0708335    0.0727254    0.0904778    0.0213863    0.0116543   0.00292603 
    0.089125            0            0            0            0            0            0            0            0            0            0            0            0            0            0            0            0    0.0125907            0    0.0150272     0.022786    0.0173983    0.0849945     0.281988     0.603316      1.13448      1.61463      2.28611      2.41631      2.09879      2.15407      1.78361      1.50947      1.11843     0.697627     0.407794     0.354764     0.276431     0.147114    0.0955491    0.0653026    0.0411813     0.048275    0.0160538   0.00698333   0.00314943 
         0.1            0            0            0            0            0            0            0            0            0            0            0            0            0            0            0            0            0     0.014134   0.00651787            0   0.00355746    0.0815638     0.193238     0.502972     0.792723       1.2113      1.75215       1.5788      1.78255        1.551       1.3009      1.09698     0.902246     0.512438     0.296288     0.256026     0.179677     0.117063    0.0774746     0.039455    0.0400743    0.0233885    0.0111925   0.00497404   0.00318992 
      0.1122            0            0            0            0            0            0            0            0            0            0            0            0            0            0            0            0            0            0            0    0.0115226     0.010415    0.0344885     0.173576     0.349936      0.67059     0.893388      1.16866      1.13618      1.20685      1.07501     0.907532      0.77148     0.505267     0.414697     0.235064      0.18008     0.137087    0.0754418    0.0496748    0.0317032     0.033961    0.0249186   0.00618281   0.00433957   0.00209772 
     0.12589            0            0            0            0            0            0            0            0            0            0            0            0            0            0            0            0            0            0            0            0   0.00931813    0.0249958     0.101123     0.268069     0.413068     0.580494     0.740083     0.821531     0.865122     0.747106     0.652979     0.486006     0.376215     0.265255     0.165205      0.13416    0.0919075    0.0539034    0.0414588    0.0260211    0.0158772    0.0223225   0.00517547   0.00188677   0.00129201 
     0.14125            0            0            0            0            0            0            0            0            0            0            0            0            0            0            0            0            0            0            0            0   0.00535973    0.0180012    0.0762672     0.159949     0.282815     0.400555     0.484929     0.604778     0.531262     0.477567     0.413144     0.309096     0.223889     0.190344    0.0881946    0.0752907    0.0674804    0.0296281    0.0265794     0.020231    0.0203995    0.0088251   0.00342696   0.00293977   0.00125163 
     0.15849            0            0            0            0            0            0            0            0            0            0            0            0            0            0            0            0            0            0            0            0   0.00196535   0.00315257    0.0461298    0.0945196     0.217742     0.262448     0.337496     0.378127     0.371439     0.311424     0.271474     0.214228     0.134801     0.114015    0.0573731    0.0530002    0.0317649    0.0226308    0.0202223    0.0100815   0.00696679   0.00665136   0.00207954   0.00102459  0.000528631 
     0.17783            0            0            0            0            0            0            0            0            0            0            0            0            0            0            0            0            0            0            0            0    0.0013865   0.00729754    0.0282678     0.076512    0.0940644     0.148347     0.242339     0.226174     0.196304     0.237664     0.142496     0.137649    0.0942389     0.079358    0.0378776    0.0394077    0.0193661    0.0113217   0.00697492   0.00785645   0.00429788   0.00459757   0.00157193  0.000643855  0.000155309 
     0.19953            0            0            0            0            0            0            0            0            0            0            0            0            0            0            0            0            0            0            0            0    0.0016573   0.00655124    0.0143083    0.0451747    0.0608069     0.115668     0.111109     0.129769     0.157388     0.103121     0.100169    0.0801847    0.0565256    0.0431608     0.023599    0.0256087   0.00844577    0.0107687   0.00628146   0.00566341   0.00293518   0.00144784  0.000849015  0.000174192  0.000296211 
     0.22387            0            0            0            0            0            0            0            0            0            0            0            0            0            0            0            0            0            0            0   0.00107044            0   0.00102125    0.0104519      0.01456    0.0310631    0.0571164    0.0744357     0.087456     0.071949    0.0751789    0.0563766    0.0507569    0.0433589    0.0282053    0.0219194    0.0177371   0.00817868   0.00882826   0.00217596   0.00348217   0.00120373   0.00104856  0.000636043   0.00022704   4.3313e-05 
     0.25119            0            0            0            0            0            0            0            0            0            0            0            0            0            0            0            0            0            0            0            0            0   0.00488155   0.00499922    0.0138588     0.018157    0.0348276    0.0333008    0.0453641    0.0449298    0.0355269    0.0270975    0.0400641    0.0271803    0.0130174     0.013712   0.00692373    0.0035402   0.00260655   0.00118582   0.00111058   0.00179174  0.000640861  2.32014e-05  0.000523406  0.000132005 
     0.28184            0            0            0            0            0            0            0            0            0            0            0            0            0            0            0            0            0            0            0            0   0.00082043   0.00069059   0.00367542   0.00437329    0.0138263    0.0334131      0.02549    0.0226947    0.0304074    0.0157701    0.0296039    0.0111665    0.0191812   0.00882005   0.00467501    0.0047743   0.00287604   0.00185088   0.00130791   0.00063295  0.000466871   0.00162101  0.000207808   2.6743e-05   0.00010149 
     0.31623            0            0            0            0            0            0            0            0            0            0            0            0            0            0            0            0            0            0            0            0            0  0.000799232   0.00155547   0.00622968   0.00931591    0.0100292    0.0107838    0.0167201    0.0157121    0.0128852    0.0143228    0.0129741   0.00379072   0.00706424   0.00402471   0.00224087   0.00337443   0.00135065  0.000613099  0.000103733  9.87919e-05            0  6.75405e-05  3.23354e-05  3.21158e-05 
     0.35481            0            0            0            0            0            0            0            0            0            0            0            0            0            0            0            0            0            0            0            0            0   0.00092228   0.00479011   0.00466757   0.00697164   0.00510877   0.00529577    0.0110039   0.00773246   0.00997884   0.00387836   0.00656818    0.0056495   0.00372383   0.00280062  0.000999768    0.0011697  0.000206379            0  0.000858367  0.000281896  0.000604118  0.000117359  4.84065e-05            0 
     0.39811            0            0            0            0            0            0            0            0            0            0            0            0            0            0            0            0            0            0            0            0            0            0   0.00351565   0.00114204   0.00172447   0.00584216   0.00559341   0.00680887   0.00620456   0.00521021   0.00379331   0.00362431   0.00497539   0.00318694  0.000505709   0.00112793   0.00149455            0  0.000229978            0  0.000232821  9.87198e-05  4.44897e-05            0            0 
     0.44668            0            0            0            0            0            0            0            0            0            0            0            0            0            0            0            0            0            0            0            0            0  0.000419034  6.50079e-07   0.00188575            0   0.00116684   0.00424975   0.00398741   0.00325662   0.00504467  0.000798362            0   0.00152599  0.000249984  0.000690004  0.000290401            0            0  0.000645727  7.96835e-05            0            0  5.01423e-05            0            0 
     0.50119            0            0            0            0            0            0            0            0            0            0            0            0            0            0            0            0            0            0            0            0            0  0.000390091  0.000645292  0.000500278   0.00306214  0.000800805    0.0028659    0.0016463  0.000433683   0.00107426  0.000384998  7.60835e-05  0.000645824  0.000126047  0.000802918  0.000115027  0.000312389            0            0            0  4.86855e-05            0            0            0            0 
     0.56234            0            0            0            0            0            0            0            0            0            0            0            0            0            0            0            0            0            0            0  0.000665092            0   0.00122979            0   0.00136176    0.0010565            0            0  0.000984552  0.000737595   0.00115972    0.0019467            0            0   0.00018892            0   0.00050087            0  0.000135796  4.46809e-05            0            0   5.9054e-05  1.40819e-05  2.68086e-05  1.50203e-05 
     0.63096            0            0            0            0            0            0            0            0            0            0            0            0            0            0            0            0            0            0            0            0            0            0            0            0            0  0.000800449  0.000290503  7.83499e-05   0.00103117   0.00075479  0.000159045            0  0.000327974  0.000416279            0            0  0.000265441            0            0   0.00010884            0            0            0            0            0 
     0.70795            0            0            0            0            0            0            0            0            0            0            0            0            0            0            0            0            0            0            0            0            0            0  0.000470234            0  0.000780288  0.000573432  0.000456607            0  0.000271249   0.00098855  0.000376921            0  3.86675e-05  0.000302984            0  0.000119231  0.000103451            0   9.5584e-05            0            0            0            0            0            0 
     0.79433            0            0            0            0            0            0            0            0            0            0            0            0            0            0            0            0            0            0            0            0            0            0   0.00061627            0            0  0.000622015   0.00029117            0            0  0.000369043  1.87845e-05  0.000654179  0.000218393            0            0  7.92145e-05            0  9.48914e-05            0            0            0            0            0            0            0 
     0.89125            0            0            0            0            0            0            0            0            0            0            0            0            0            0            0            0            0            0            0            0            0            0            0            0            0            0            0            0  0.000209858            0            0            0  0.000283898            0            0            0            0            0            0            0            0            0            0            0            0 
           1            0            0            0            0            0            0            0            0            0            0            0            0            0            0            0            0            0            0            0            0            0            0  7.48919e-05            0   0.00128167            0            0  6.04608e-06            0            0  0.000266406            0            0            0            0            0            0            0            0            0            0            0            0            0            0 
       1.122            0            0            0            0            0            0            0            0            0            0            0            0            0            0            0            0            0            0            0            0            0            0            0            0            0            0            0            0            0  0.000286931  1.79921e-05            0  7.01561e-05            0  8.09359e-06            0            0            0            0            0            0            0            0            0            0 
      1.2589            0            0            0            0            0            0            0            0            0            0            0            0            0            0            0            0            0            0            0            0            0            0            0            0            0            0            0            0            0            0            0  0.000247164            0            0            0            0            0            0            0            0            0            0            0            0            0 
      1.4125            0            0            0            0            0            0            0            0            0            0            0            0            0            0            0            0            0            0            0            0            0            0            0            0            0            0            0            0            0            0            0            0            0            0            0            0            0            0            0            0            0            0            0            0            0 
      1.5849            0            0            0            0            0            0            0            0            0            0            0            0            0            0            0            0            0            0            0            0            0            0            0            0            0            0            0            0            0            0            0            0            0            0            0            0            0            0            0            0            0            0            0            0            0 
      1.7783            0            0            0            0            0            0            0            0            0            0            0            0            0            0            0            0            0            0            0            0            0            0            0            0            0            0            0            0            0            0            0            0            0            0            0            0            0            0            0            0            0            0            0            0            0 
      1.9953            0            0            0            0            0            0            0            0            0            0            0            0            0            0            0            0            0            0            0            0            0            0            0            0            0            0            0            0            0            0            0            0            0            0            0            0            0            0            0            0            0            0            0            0            0 
      2.2387            0            0            0            0            0            0            0            0            0            0            0            0            0            0            0            0            0            0            0            0            0            0            0            0            0            0            0            0            0            0            0            0            0            0            0            0            0            0            0            0            0            0            0            0            0 
      2.5119            0            0            0            0            0            0            0            0            0            0            0            0            0            0            0            0            0            0            0            0            0            0            0            0            0            0            0            0            0            0            0            0            0            0            0            0            0            0            0            0            0            0            0            0            0 
      2.8184            0            0            0            0            0            0            0            0            0            0            0            0            0            0            0            0            0            0            0            0            0            0            0            0            0            0            0            0            0            0            0            0            0            0            0            0            0            0            0            0            0            0            0            0            0 
      3.1623            0            0            0            0            0            0            0            0            0            0            0            0            0            0            0            0            0            0            0            0            0            0            0            0            0            0            0            0            0            0            0            0            0            0            0            0            0            0            0            0            0            0            0            0            0 
      3.5481            0            0            0            0            0            0            0            0            0            0            0            0            0            0            0            0            0            0            0            0            0            0            0            0            0            0            0            0            0            0            0            0            0            0            0            0            0            0            0            0            0            0            0            0            0 
      3.9811            0            0            0            0            0            0            0            0            0            0            0            0            0            0            0            0            0            0            0            0            0            0            0            0            0            0            0            0            0            0            0            0            0            0            0            0            0            0            0            0            0            0            0            0            0 
      4.4668            0            0            0            0            0            0            0            0            0            0            0            0            0            0            0            0            0            0            0            0            0            0            0            0            0            0            0            0            0            0            0            0            0            0            0            0            0            0            0            0            0            0            0            0            0 
      5.0119            0            0            0            0            0            0            0            0            0            0            0            0            0            0            0            0            0            0            0            0            0            0            0            0            0            0            0            0            0            0            0            0            0            0            0            0            0            0            0            0            0            0            0            0            0 
      5.6234            0            0            0            0            0            0            0            0            0            0            0            0            0            0            0            0            0            0            0            0            0            0            0            0            0            0            0            0            0            0            0            0            0            0            0            0            0            0            0            0            0            0            0            0            0 
      6.3096            0            0            0            0            0            0            0            0            0            0            0            0            0            0            0            0            0            0            0            0            0            0            0            0            0            0            0            0            0            0            0            0            0            0            0            0            0            0            0            0            0            0            0            0            0 
      7.0795            0            0            0            0            0            0            0            0            0            0            0            0            0            0            0            0            0            0            0            0            0            0            0            0            0            0            0            0            0            0            0            0            0            0            0            0            0            0            0            0            0            0            0            0            0 
      7.9433            0            0            0            0            0            0            0            0            0            0            0            0            0            0            0            0            0            0            0            0            0            0            0            0            0            0            0            0            0            0            0            0            0            0            0            0            0            0            0            0            0            0            0            0            0 
      8.9125            0            0            0            0            0            0            0            0            0            0            0            0            0            0            0            0            0            0            0            0            0            0            0            0            0            0            0            0            0            0            0            0            0            0            0            0            0            0            0            0            0            0            0            0            0 
          10            0            0            0            0            0            0            0            0            0            0            0            0            0            0            0            0            0            0            0            0            0            0            0            0            0            0            0            0            0            0            0            0            0            0            0            0            0            0            0            0            0            0            0            0            0 
       11.22            0            0            0            0            0            0            0            0            0            0            0            0            0            0            0            0            0            0            0            0            0            0            0            0            0            0            0            0            0            0            0            0            0            0            0            0            0            0            0            0            0            0            0            0            0 
      12.589            0            0            0            0            0            0            0            0            0            0            0            0            0            0            0            0            0            0            0            0            0            0            0            0            0            0            0            0            0            0            0            0            0            0            0            0            0            0            0            0            0            0            0            0            0 
      14.125            0            0            0            0            0            0            0            0            0            0            0            0            0            0            0            0            0            0            0            0            0            0            0            0            0            0            0            0            0            0            0            0            0            0            0            0            0            0            0            0            0            0            0            0            0 
      15.849            0            0            0            0            0            0            0            0            0            0            0            0            0            0            0            0            0            0            0            0            0            0            0            0            0            0            0            0            0            0            0            0            0            0            0            0            0            0            0            0            0            0            0            0            0 
      17.783            0            0            0            0            0            0            0            0            0            0            0            0            0            0            0            0            0            0            0            0            0            0            0            0            0            0            0            0            0            0            0            0            0            0            0            0            0            0            0            0            0            0            0            0            0 
      19.953            0            0            0            0            0            0            0            0            0            0            0            0            0            0            0            0            0            0            0            0            0            0            0            0            0            0            0            0            0            0            0            0            0            0            0            0            0            0            0            0            0            0            0            0            0 
      22.387            0            0            0            0            0            0            0            0            0            0            0            0            0            0            0            0            0            0            0            0            0            0            0            0            0            0            0            0            0            0            0            0            0            0            0            0            0            0            0            0            0            0            0            0            0 
      25.119            0            0            0            0            0            0            0            0            0            0            0            0            0            0            0            0            0            0            0            0            0            0            0            0            0            0            0            0            0            0            0            0            0            0            0            0            0            0            0            0            0            0            0            0            0 
      28.184            0            0            0            0            0            0            0            0            0            0            0            0            0            0            0            0            0            0            0            0            0            0            0            0            0            0            0            0            0            0            0            0            0            0            0            0            0            0            0            0            0            0            0            0            0 
      31.623            0            0            0            0            0            0            0            0            0            0            0            0            0            0            0            0            0            0            0            0            0            0            0            0            0            0            0            0            0            0            0            0            0            0            0            0            0            0            0            0            0            0            0            0            0 
      35.481            0            0            0            0            0            0            0            0            0            0            0            0            0            0            0            0            0            0            0            0            0            0            0            0            0            0            0            0            0            0            0            0            0            0            0            0            0            0            0            0            0            0            0            0            0 
      39.811            0            0            0            0            0            0            0            0            0            0            0            0            0            0            0            0            0            0            0            0            0            0            0            0            0            0            0            0            0            0            0            0            0            0            0            0            0            0            0            0            0            0            0            0            0 
      44.668            0            0            0            0            0            0            0            0            0            0            0            0            0            0            0            0            0            0            0            0            0            0            0            0            0            0            0            0            0            0            0            0            0            0            0            0            0            0            0            0            0            0            0            0            0 
      50.119            0            0            0            0            0            0            0            0            0            0            0            0            0            0            0            0            0            0            0            0            0            0            0            0            0            0            0            0            0            0            0            0            0            0            0            0            0            0            0            0            0            0            0            0            0 
      56.234            0            0            0            0            0            0            0            0            0            0            0            0            0            0            0            0            0            0            0            0            0            0            0            0            0            0            0            0            0            0            0            0            0            0            0            0            0            0            0            0            0            0            0            0            0 
      63.096            0            0            0            0            0            0            0            0            0            0            0            0            0            0            0            0            0            0            0            0            0            0            0            0            0            0            0            0            0            0            0            0            0            0            0            0            0            0            0            0            0            0            0            0            0 
      70.795            0            0            0            0            0            0            0            0            0            0            0            0            0            0            0            0            0            0            0            0            0            0            0            0            0            0            0            0            0            0            0            0            0            0            0            0            0            0            0            0            0            0            0            0            0 
      79.433            0            0            0            0            0            0            0            0            0            0            0            0            0            0            0            0            0            0            0            0            0            0            0            0            0            0            0            0            0            0            0            0            0            0            0            0            0            0            0            0            0            0            0            0            0 
      89.125            0            0            0            0            0            0            0            0            0            0            0            0            0            0            0            0            0            0            0            0            0            0            0            0            0            0            0            0            0            0            0            0            0            0            0            0            0            0            0            0            0            0            0            0            0 
