## Wavelength Along Top (Angstroms) v Time 
                0.0904362     0.101471     0.113852     0.127745     0.143332     0.160821     0.180444     0.202461     0.227166     0.254883     0.285984      0.32088     0.360033     0.403964     0.453255      0.50856     0.570613     0.640239     0.718361     0.806012     0.904362      1.01471      1.13852      1.27745      1.43332      1.60821      1.80444      2.02461      2.27166      2.54883      2.85984       3.2088      3.60033      4.03964      4.53255       5.0856      5.70613      6.40239      7.18361      8.06012      9.04362      10.1471      11.3852      12.7745      14.3332 
  0.00000000            0            0            0            0            0            0            0            0            0            0            0            0            0            0            0            0            0            0            0            0            0            0            0            0            0            0            0            0            0            0            0            0            0            0            0            0            0            0            0            0            0            0            0            0            0 
   0.0001122            0            0            0            0            0            0            0            0            0            0            0            0            0            0            0            0            0            0            0            0            0            0            0            0            0            0            0            0            0            0            0            0            0            0            0            0            0            0            0            0            0            0            0            0            0 
  0.00012589            0            0            0            0            0            0            0            0            0            0            0            0            0            0            0            0            0            0            0            0            0            0            0            0            0            0            0            0            0            0            0            0            0            0            0            0            0            0            0            0            0            0            0            0            0 
  0.00014125            0            0            0            0            0            0            0            0            0            0            0            0            0            0            0            0            0            0            0            0            0            0            0            0            0            0            0            0            0            0            0            0            0            0            0            0            0            0            0            0            0            0            0            0            0 
  0.00015849            0            0            0            0            0            0            0            0            0            0            0            0            0            0            0            0            0            0            0            0            0            0            0            0            0            0            0            0            0            0            0            0            0            0            0            0            0            0            0            0            0            0            0            0            0 
  0.00017783            0            0            0            0            0            0            0            0            0            0            0            0            0            0            0            0            0            0            0            0            0            0            0            0            0            0            0            0            0            0            0            0            0            0            0            0            0            0            0            0            0            0            0            0            0 
  0.00019953            0            0            0            0            0            0            0            0            0            0            0            0            0            0            0            0            0            0            0            0            0            0            0            0            0            0            0            0            0            0            0            0            0            0            0            0            0            0            0            0            0            0            0            0            0 
  0.00022387            0            0            0            0            0            0            0            0            0            0            0            0            0            0            0            0            0            0            0            0            0            0            0            0            0            0            0            0            0            0            0            0            0            0            0            0            0            0            0            0            0            0            0            0            0 
  0.00025119            0            0            0            0            0            0            0            0            0            0            0            0            0            0            0            0            0            0            0            0            0            0            0            0            0            0            0            0            0            0            0            0            0            0            0            0            0            0            0            0            0            0            0            0            0 
  0.00028184            0            0            0            0            0            0            0            0            0            0            0            0            0            0            0            0            0            0            0            0            0            0            0            0            0            0            0            0            0            0            0            0            0            0            0            0            0            0            0            0            0            0            0            0            0 
  0.00031623            0            0            0            0            0            0            0            0            0            0            0            0            0            0            0            0            0            0            0            0            0            0            0            0            0            0            0            0            0            0            0            0            0            0            0            0            0            0            0            0            0            0            0            0            0 
  0.00035481            0            0            0            0            0            0            0            0            0            0            0            0            0            0            0            0            0            0            0            0            0            0            0            0            0            0            0            0            0            0            0            0            0            0            0            0            0            0            0            0            0            0            0            0            0 
  0.00039811            0            0            0            0            0            0            0            0            0            0            0            0            0            0            0            0            0            0            0            0            0            0            0            0            0            0            0            0            0            0            0            0            0            0            0            0            0            0            0            0            0            0            0            0            0 
  0.00044668            0            0            0            0            0            0            0            0            0            0            0            0            0            0            0            0            0            0            0            0            0            0            0            0            0            0            0            0            0            0            0            0            0            0            0            0            0            0            0            0            0            0            0            0            0 
  0.00050119            0            0            0            0            0            0            0            0            0            0            0            0            0            0            0            0            0            0            0            0            0            0            0            0            0            0            0            0            0            0            0            0            0            0            0            0            0            0            0            0            0            0            0            0            0 
  0.00056234            0            0            0            0            0            0            0            0            0            0            0            0            0            0            0            0            0            0            0            0            0            0            0            0            0            0            0            0            0            0            0            0            0            0            0            0            0            0            0            0            0            0            0            0            0 
  0.00063096      8.94319            0            0            0            0            0            0            0            0            0            0            0            0            0            0            0            0            0            0            0            0            0            0            0            0            0            0            0            0            0            0            0            0            0            0            0            0            0            0            0            0            0            0            0            0 
  0.00070795      7.60508            0      3.95028            0            0            0            0            0            0            0            0            0            0            0            0            0            0            0            0            0            0            0            0            0            0            0            0            0            0            0            0            0            0            0            0            0            0            0            0            0            0            0            0            0            0 
  0.00079433      55.6265      7.22835      3.63223            0            0            0            0            0            0            0            0            0            0            0            0            0            0            0            0            0            0            0            0            0            0            0            0            0            0            0            0            0            0            0            0            0            0            0            0            0            0            0            0            0            0 
  0.00089125        52.26      9.15476      17.8057            0            0            0            0            0            0            0            0            0            0            0            0            0            0            0            0            0            0            0            0            0            0            0            0            0            0            0            0            0            0            0            0            0            0            0            0            0            0            0            0            0            0 
       0.001      68.7271       32.681      13.2303      14.0269            0            0            0            0            0            0            0            0            0            0            0            0            0            0            0            0            0            0            0            0            0            0            0            0            0            0            0            0            0            0            0            0            0            0            0            0            0            0            0            0            0 
    0.001122      123.781      46.4633      25.7556      29.5486      5.12623            0            0            0            0            0            0            0            0            0            0            0            0            0            0            0            0            0            0            0            0            0            0            0            0            0            0            0            0            0            0            0            0            0            0            0            0            0            0            0            0 
   0.0012589      117.853      104.679      46.8105      36.5142      11.1017      2.28491      2.19212            0            0            0            0            0            0            0            0            0            0            0            0            0            0            0            0            0            0            0            0            0            0            0            0            0            0            0            0            0            0            0            0            0            0            0            0            0            0 
   0.0014125      157.183      106.161      65.9649      62.6895      13.1715       11.099      11.7497      3.88508            0            0            0            0            0            0            0            0            0            0            0            0            0            0            0            0            0            0            0            0            0            0            0            0            0            0            0            0            0            0            0            0            0            0            0            0            0 
   0.0015849      160.382      132.673      99.7378      62.6062        42.95      21.9385      18.7919      12.1521            0            0            0            0            0            0            0            0            0            0            0            0            0            0            0            0            0            0            0            0            0            0            0            0            0            0            0            0            0            0            0            0            0            0            0            0            0 
   0.0017783      239.632      185.577       135.74       100.71      76.9363      54.8213      18.1267      11.7105      4.40647       1.3345            0            0            0            0            0            0            0            0            0            0            0            0            0            0            0            0            0            0            0            0            0            0            0            0            0            0            0            0            0            0            0            0            0            0            0 
   0.0019953      266.423      189.181      130.154       102.94      77.1284      51.8662      33.1151      19.4997      6.63994      7.54388      1.44395            0            0            0            0            0            0            0            0            0            0            0            0            0            0            0            0            0            0            0            0            0            0            0            0            0            0            0            0            0            0            0            0            0            0 
   0.0022387      400.002      225.795       167.46      146.682      98.1066      76.1634      42.5698      30.8741      19.7967      5.96843      3.43807       2.4891       1.2588            0            0            0            0            0            0            0            0            0            0            0            0            0            0            0            0            0            0            0            0            0            0            0            0            0            0            0            0            0            0            0            0 
   0.0025119       372.35       316.82      249.047      126.694      118.446      75.6748      92.2511       44.554      21.4901      21.1089      9.48846      7.71937            0            0            0            0            0            0            0            0            0            0            0            0            0            0            0            0            0            0            0            0            0            0            0            0            0            0            0            0            0            0            0            0            0 
   0.0028184      225.395       310.39      292.449      165.792      121.419      104.218      77.4317      48.0738      37.5905      31.8497      13.9478       8.8637      5.05804     0.883509            0            0            0            0            0            0            0            0            0            0            0            0            0            0            0            0            0            0            0            0            0            0            0            0            0            0            0            0            0            0            0 
   0.0031623      118.522      200.707      294.386      255.576      161.513      121.356      87.2705       69.036      46.1284      22.5327      23.1149      10.5038      6.84503      2.49808      2.47285            0            0            0            0            0            0            0            0            0            0            0            0            0            0            0            0            0            0            0            0            0            0            0            0            0            0            0            0            0            0 
   0.0035481      62.6662      97.2155      155.886       242.41      224.458      146.151      92.6869      95.0699      65.9303      53.3343      33.6324      12.6765      13.1292      6.08913      4.62573     0.772883            0            0            0            0            0            0            0            0            0            0            0            0            0            0            0            0            0            0            0            0            0            0            0            0            0            0            0            0            0 
   0.0039811      53.7722      62.4897      96.9886      163.568      215.733      195.846      139.699       96.915        77.96      57.6321      48.5992      27.7118      14.2978      11.5267      6.57199      1.98763     0.698036            0            0            0            0            0            0            0            0            0            0            0            0            0            0            0            0            0            0            0            0            0            0            0            0            0            0            0            0 
   0.0044668      26.6586      42.1453      52.7347       80.404       141.12      187.624      171.721      122.637      82.7241      72.7123      46.2776      44.1858      33.5645      13.7598      9.86602      4.69103     0.608093      1.04795            0            0            0            0            0            0            0            0            0            0            0            0            0            0            0            0            0            0            0            0            0            0            0            0            0            0            0 
   0.0050119      16.5444      29.3055      36.9342      51.1697       73.577      123.943      185.583      166.363      103.306      75.2607      59.1473      51.5861      36.1081      25.9505      17.5253      7.92759      6.11971      2.67254            0            0            0            0            0            0            0            0            0            0            0            0            0            0            0            0            0            0            0            0            0            0            0            0            0            0            0 
   0.0056234      24.5227      19.8004       20.322      26.6896      35.0868      67.6174      103.132      143.544      148.701      96.5565      64.9449      48.4326      33.8567      31.3943      23.6535      9.32729      5.46128      3.31645      1.90678      1.22309            0            0            0            0            0            0            0            0            0            0            0            0            0            0            0            0            0            0            0            0            0            0            0            0            0 
   0.0063096      13.9393      19.7978      20.0482      28.1401      33.1835      32.0121      60.8546      99.0068       134.28      134.366      75.0053      57.8536       47.304      34.8928      23.6124       20.181      13.5868      8.40612      4.30713      0.73564            0            0            0            0            0            0            0            0            0            0            0            0            0            0            0            0            0            0            0            0            0            0            0            0            0 
   0.0070795      5.45364      13.7079      11.0654      15.6108       17.976      25.1182       32.718      54.3174      77.9152      115.569      114.257      85.0747      47.0861      34.7729      33.2682      23.2032       15.602      9.03742      5.21005      4.73298     0.722803     0.350318            0            0            0            0            0            0            0            0            0            0            0            0            0            0            0            0            0            0            0            0            0            0            0 
   0.0079433      7.77621      4.50925      9.17074      9.79343      16.8701       15.952      15.4084      28.4537      48.1634      68.3373      119.368      108.422      70.9945      40.9839      41.4953       25.453      23.0748      13.2466      6.38991      5.12428      2.70032     0.703191            0            0            0            0            0            0            0            0            0            0            0            0            0            0            0            0            0            0            0            0            0            0            0 
   0.0089125      3.01642      3.71407      6.42338      4.96403      10.1111      15.8511      14.4295      20.1897      27.0694      40.5403      74.1675      102.281      102.309       55.329      38.0922      33.4428      25.5428      18.3678      12.7413      5.63098      5.21418      2.52125      1.53664            0      0.30524            0            0            0            0            0            0            0            0            0            0            0            0            0            0            0            0            0            0            0            0 
        0.01      1.59583       2.4937      2.13193      4.19412      7.42432      6.96552      10.6904      11.1968      19.8639      24.1277      30.5058      62.9404      94.6643      85.9222      54.3034      37.1287      37.3146      23.0419       13.251      9.43396      6.01673       3.9097      1.66046     0.816934     0.226659            0            0            0            0            0            0            0            0            0            0            0            0            0            0            0            0            0            0            0            0 
     0.01122     0.253855      1.07942      2.16662      2.66895      3.85151      5.44985      6.48075      8.87458      11.0181      17.1543      15.6437      32.5708      60.7906      84.1685      85.3242      53.9129      32.4237      27.6764      22.2994      13.7767      7.20518      3.79879       2.1826      1.59496     0.128018     0.461683            0            0            0            0            0            0            0            0            0            0            0            0            0            0            0            0            0            0            0 
    0.012589     0.217205            0     0.921607      2.16378       2.0947      4.26805      5.03848      5.63808      8.93042      9.48288      13.7651      19.3328      28.6924      60.0033      77.5089      60.9406      44.6327      34.1403      22.4324      14.9845      10.4337      7.08761      3.96011      1.99003      1.26205     0.630025            0            0            0            0            0            0            0            0            0            0            0            0            0            0            0            0            0            0            0 
    0.014125     0.156148     0.196991     0.200574     0.603384      1.41368      1.50025      3.93452      4.34277      6.08763       6.0776      9.28727      11.7961       18.405       29.028      56.6987      68.1908      57.0758      37.9449      23.6213      18.6493      11.1267      9.45345       4.4257      4.76683      2.10504      1.36834     0.185185      0.18892            0            0            0            0            0            0            0            0            0            0            0            0            0            0            0            0            0 
    0.015849    0.0953267            0     0.173558      0.51184     0.685314     0.654734      2.22632      3.72907       2.7043      6.67257      7.65576      7.88338       12.985       18.753      27.0495       49.756      60.8073      55.6093      34.9154      21.0411      15.7976       9.5068      9.20135      5.39605      2.72102      1.33127     0.505345     0.532586     0.164616            0            0            0            0            0            0            0            0            0            0            0            0            0            0            0            0 
    0.017783            0            0            0     0.141639     0.146857      1.08564     0.602237      1.62937      2.08885      3.97217      4.70638      6.52769      7.22378      11.4121      15.5289      25.1613      45.9148      61.1709      46.3032      26.1202      19.4416      12.2295      9.71584      6.50922      3.35367      3.08933     0.692585     0.670371     0.248741            0            0            0            0            0            0            0            0            0            0            0            0            0            0            0            0 
    0.019953            0            0            0            0            0     0.346125     0.258589     0.436881       2.4202      2.42918      3.71629       5.4683       5.1906      8.35487      11.2319      14.3935      24.4148      42.0579      48.0014      38.3668      23.3068        14.73      11.5531      8.23031      5.79295      3.76783       2.0389     0.845389       0.4938     0.142105            0            0            0            0            0            0            0            0            0            0            0            0            0            0            0 
    0.022387            0            0            0            0            0     0.241908      0.41511     0.440576     0.600972      1.89888      2.27084      2.79497      4.27175      5.03508      7.03337      8.49678      14.1323      21.1385      35.4783      43.1165      35.1373      22.8642        14.03      10.3041      6.67617      5.04237      2.95685      1.46023     0.715234     0.366024     0.244551            0            0            0            0            0            0            0            0            0            0            0            0            0            0 
    0.025119            0            0            0            0            0            0    0.0322232     0.453026     0.289553      1.40428     0.856362       1.6924      2.85733      3.07829      4.81921      6.45081      8.07464      15.9772      20.9885      31.8445      34.8979      30.1901      17.2728      13.0794      7.58169      6.66846      3.87551        3.521      1.64131      0.75608      0.48659            0            0            0            0            0            0            0            0            0            0            0            0            0            0 
    0.028184            0            0            0            0     0.100408            0            0     0.165889     0.200277     0.684156     0.546585      1.57048      2.40504      2.60311       2.4459      3.50377      7.37296      9.45218       11.511      20.0315      26.7224      34.7386      22.8032       16.516      11.4077      7.55319      5.08392      3.17299      2.43194      1.12577     0.868286     0.160533    0.0915232    0.0709204            0            0            0            0            0            0            0            0            0            0            0 
    0.031623            0            0            0            0            0            0            0    0.0834998      0.15529    0.0715434     0.327272     0.692269      1.99436       2.3731      2.67911      3.65246      3.97854      4.68059      7.78539      10.6316       16.962      25.5393      26.9522      22.4444      11.7301        9.102      6.15686       4.0157      2.88927      1.57703      1.42325      0.58883    0.0912834            0            0            0            0            0            0            0            0            0            0            0            0 
    0.035481            0            0            0            0            0            0     0.066576            0            0            0            0     0.598196     0.710905      1.20122      2.22586      2.62631      4.01699      4.75991      4.68324      7.57176      9.12464      13.5358      20.9321      22.2396      17.9059      11.1559      9.01053      5.35052      4.09701      2.85726      1.14534      1.17272     0.634773      0.46372    0.0608684    0.0216237            0            0            0            0            0            0            0            0            0 
    0.039811            0            0            0            0            0            0            0            0            0            0      0.06702     0.164869      0.25483     0.558415     0.657871      2.08146      2.92285      3.26564       4.0111      5.26421      5.43294      8.52349       12.308       17.734      22.5903      17.6757      10.7236      5.86715      5.94748      3.85439      2.70187       1.4594     0.586262     0.477351     0.192242    0.0338396            0            0            0            0            0            0            0            0            0 
    0.044668            0            0            0            0            0            0            0            0            0    0.0244176     0.105431     0.123541    0.0523821     0.532015     0.493057     0.873244      1.35556      2.56473      3.59099      4.02407      4.56811      5.21797      6.44222       10.441      16.3498      19.3047      16.7142      9.54564      6.30653      4.89561       3.5864      1.62506     0.751781     0.569169      0.16743     0.108515   0.00875952   0.00866162            0            0            0            0            0            0            0 
    0.050119            0            0            0            0            0            0            0            0            0            0            0            0    0.0531884     0.182924     0.080381     0.581965     0.845094      1.97086      2.55171       2.8141      3.54571      3.79976       4.2983      6.72944      9.43316      14.3467      16.5895      12.5188      8.35486      6.37573      4.76348      2.88061      2.02115     0.790831      0.27283     0.147144     0.065207    0.0341393    0.0577944            0            0            0            0            0            0 
    0.056234            0            0            0            0            0            0            0            0            0            0            0            0    0.0733295            0     0.292074     0.306772      1.04702      1.43584      1.91627      2.69741      3.10257      3.23976      3.54877      4.01995      5.56467      9.72266      11.8153      17.3867       12.082      8.47553       5.5523      4.04427      1.81356      1.50855     0.581825     0.229845    0.0504694    0.0236481     0.013838   0.00304902            0            0            0            0            0 
    0.063096            0            0            0            0            0            0            0            0            0            0            0            0            0    0.0423113     0.100102     0.333853     0.311606     0.988434      1.23017      1.93634      2.16859      3.32936      2.92534      3.20758      3.89933      5.47239        8.498      12.4533      14.3462      12.5174      6.93187      5.08698      3.27938      1.63915      1.24932      0.54271     0.151252       0.1394   0.00139534   0.00260116   0.00410932            0            0            0            0 
    0.070795            0            0            0            0            0            0            0            0            0            0            0            0            0            0            0    0.0290334     0.222842     0.706711     0.707283       1.7548      1.54281       2.6446      2.69163      3.48032      2.98649       4.0658      6.01116      9.39419      13.8708      14.9207      11.1467      6.83855      4.48611      2.91771      1.24589     0.560534     0.352794     0.168369    0.0933205    0.0311823    0.0468737   0.00111971            0            0            0 
    0.079433            0            0            0            0            0            0            0            0            0            0            0            0    0.0383728    0.0352272    0.0333344            0     0.142282     0.464012     0.378256     0.807883      1.67258      1.80916      2.07625      2.71655      2.54694       2.5921      4.34077      5.75552      9.86834      14.1811       14.363      9.07486      5.33917      3.18913      1.96318      1.06824     0.447638      0.23698     0.141053    0.0412095    0.0408947   0.00220929  0.000937643            0            0 
    0.089125            0            0            0            0            0            0            0            0            0            0            0            0            0            0   0.00752137    0.0499961     0.108669     0.241982     0.362908     0.777267       1.1392      1.93727      2.06028      1.97499      2.05849      2.67606      3.17948      4.09651      6.78834      11.3265      13.1089      13.2169      9.26641      4.38031      2.57104      1.38122     0.719978     0.449625     0.168318    0.0744378    0.0283231   0.00750631   0.00335423  0.000689042            0 
         0.1            0            0            0            0            0            0            0            0            0            0            0            0            0            0            0            0    0.0699382      0.11825     0.530571     0.716171     0.834921      1.28814      1.54634      1.51578      2.35973      1.87448      2.31829       3.0304      4.93645      7.98288      11.7002        12.97      11.2232       7.2926      3.82308       1.8591      1.00125     0.434603     0.231865    0.0910067    0.0454215    0.0122591     0.012616   0.00648687  0.000259654 
      0.1122            0            0            0            0            0            0            0            0            0            0            0            0            0            0            0            0    0.0340758    0.0562426     0.321047     0.397361     0.729949     0.902135      1.40584      1.29266      1.73947      1.59341      2.49204      2.61594       4.0922       6.4003        10.26      11.5546      12.4769      9.54314      5.80169      2.74311      1.40457     0.650104      0.31496     0.183279    0.0553359     0.026253   0.00821467   0.00304366   0.00159539 
     0.12589            0            0            0            0            0            0            0            0            0            0            0            0            0            0            0            0   0.00918066    0.0190462     0.213957     0.410706     0.724674      1.31209      1.15678      1.26679      1.36796      1.42341      1.63874      2.29039      3.57521      5.55981      8.32782      10.3519      11.3753      9.95393      7.30452      4.06777      1.89876     0.927881     0.493319     0.248288    0.0925772    0.0651529    0.0138715    0.0225516   0.00536964 
     0.14125            0            0            0            0            0            0            0            0            0            0            0            0            0            0            0            0            0     0.038673     0.108814     0.407246     0.394629     0.776185      1.03657      1.07652      1.34375      1.58555      1.55308      2.19211      3.03107      4.97165      6.41162      9.00887      9.55507       10.105      7.92056      5.48978      2.80117      1.19989     0.609909     0.302271     0.185567    0.0636366    0.0402768    0.0138669    0.0065883 
     0.15849            0            0            0            0            0            0            0            0            0            0            0            0            0            0            0            0            0    0.0410447     0.133676     0.202203     0.438093     0.637339     0.849309      1.02997      1.07194       1.2024      1.39721      1.71852      3.01984      4.72284      6.42497      8.12468      8.75421      9.03172      7.69549      6.22664      4.10633      2.03541     0.902105     0.464978     0.247538     0.103942     0.044088    0.0218026    0.0153716 
     0.17783            0            0            0            0            0            0            0            0            0            0            0            0            0            0            0            0     0.011833    0.0781112     0.125227     0.200852     0.433917     0.848909     0.946998     0.967395     0.964417      1.22756      1.05498      1.68763      2.78139      4.04917      5.55291      7.03999      7.91122      8.40097       7.4875      5.86976       4.2463      2.73494      1.35695     0.592612      0.29775     0.130387    0.0779468    0.0231048    0.0152695 
     0.19953            0            0            0            0            0            0            0            0            0            0            0            0            0            0            0            0    0.0260338    0.0498322    0.0882515     0.116252     0.394568       0.4781     0.788423     0.930919      0.80622      1.16151      1.34034      1.61746       2.3389      3.40014      4.64403      6.74294      7.37251      7.17724      6.46471      5.76656      4.37326      2.90786       1.9027     0.913813     0.418988     0.182889    0.0873429     0.038965    0.0337619 
     0.22387            0            0            0            0            0            0            0            0            0            0            0            0            0            0            0            0            0    0.0171601     0.103484     0.182096      0.27738     0.475264     0.572819     0.790442     0.917028      1.05009      1.09234      1.43557      2.04941      3.02647      4.29016      5.50923      6.23953      6.43294       6.2446       5.2029      4.09913      2.96334      2.08047      1.21617      0.60262     0.281588     0.115812    0.0445073    0.0387154 
     0.25119            0            0            0            0            0            0            0            0            0            0            0            0            0            0            0   0.00505518   0.00124002    0.0336114    0.0506784     0.179638     0.310601     0.523376     0.713593     0.700989      0.71952     0.721491     0.969104      1.32961      1.90999      2.57118      3.82965       4.9791      5.37803      5.82678      5.46503      4.62295      3.69308      2.77136      1.91847       1.2889     0.781402     0.363901     0.158799    0.0630806    0.0474013 
     0.28184            0            0            0            0            0            0            0            0            0            0            0            0            0            0            0            0   0.00110356    0.0149354    0.0601806     0.141763     0.284064     0.435415      0.43586     0.584949     0.708764     0.673406     0.832964      1.27828      1.65516      2.30562      3.48988      4.15341      4.82025      4.88888      4.63333      4.00485      3.28076      2.54289      1.81381      1.24924     0.845916     0.472036     0.276094    0.0844555     0.062354 
     0.31623            0            0            0            0            0            0            0            0            0            0            0            0            0            0            0   0.00101869            0    0.0101042     0.117043     0.131777     0.300726     0.366288     0.492537     0.583632     0.560243     0.740835     0.805229      1.01841      1.51877      2.07628      2.96356      3.86018      4.32025      4.22079      4.07742      3.44121      2.82463       2.2098        1.587      1.13878      0.80481      0.50202     0.313154     0.120021    0.0880939 
     0.35481            0            0            0            0            0            0            0            0            0            0            0            0            0            0            0            0   0.00222885    0.0179668    0.0886331     0.115675      0.23465     0.322101     0.477778     0.514485     0.557884     0.666341     0.707304     0.775695       1.1737      1.69652      2.53424      3.18746      3.68229      3.53216      3.33813      2.93619      2.42901      1.87292      1.44154      1.05647     0.740069     0.474404      0.34516     0.152013     0.119484 
     0.39811            0            0            0            0            0            0            0            0            0            0            0            0            0            0            0            0   0.00517735    0.0219209     0.050641      0.10122     0.231303     0.303202     0.342234      0.41544     0.437684     0.560887     0.715979     0.732694      1.18601      1.52142      2.00664      2.65955      3.00246      2.95355       2.7754      2.44573      2.01679      1.59808      1.15266     0.864317     0.633526     0.422495     0.304758     0.147207     0.155821 
     0.44668            0            0            0            0            0            0            0            0            0            0            0            0            0            0            0            0   0.00603979    0.0137589    0.0775401     0.105465     0.187827     0.271176     0.317449     0.418984     0.427796     0.394084      0.51787     0.592804      0.88814      1.25872      1.80512      2.17077      2.50273      2.45591        2.149      2.00524      1.62992      1.23407     0.941699     0.719068     0.533447     0.364006     0.265699     0.130909      0.15086 
     0.50119            0            0            0            0            0            0            0            0            0            0            0            0            0            0            0            0   0.00188144   0.00807457    0.0477609     0.103118     0.174772     0.215184     0.256464     0.305873     0.409687     0.418569     0.506693      0.58203     0.729157      1.05903      1.45113      1.81109      1.81048      1.99261      1.83155      1.59949        1.342      1.01214     0.775161     0.578107      0.43559     0.292981      0.22595     0.114457     0.138102 
     0.56234            0            0            0            0            0            0            0            0            0            0            0            0            0            0            0            0   0.00678633     0.011855    0.0422475    0.0684568     0.132953     0.218289      0.21808     0.291154     0.315581     0.377714     0.448103      0.52239     0.627863     0.951771      1.14223      1.40153      1.63815      1.58714       1.4704       1.2684      1.03924     0.822255     0.614984      0.47036     0.341104     0.234475     0.178753    0.0916321     0.112851 
     0.63096            0            0            0            0            0            0            0            0            0            0            0            0            0            0            0   0.00210377            0   0.00852948    0.0136784    0.0598239    0.0973272     0.139504     0.182606     0.251297      0.29341     0.322905     0.387983     0.400246     0.525537     0.718004     0.996055      1.11956      1.29872      1.28523      1.18101     0.965307     0.763832     0.605906     0.470631     0.343576     0.265498      0.17387     0.136573    0.0730345     0.086528 
     0.70795            0            0            0            0            0            0            0            0            0            0            0            0            0            0            0            0            0   0.00807579    0.0193286    0.0540666    0.0913757     0.137663     0.196679     0.171889     0.238459     0.261843     0.254369     0.329343     0.473776     0.613754      0.78049     0.847972     0.952167     0.969039     0.897624     0.741134     0.590021     0.449449     0.343604     0.264698     0.203848     0.136618     0.102328    0.0548155    0.0686141 
     0.79433            0            0            0            0            0            0            0            0            0            0            0            0            0            0            0            0  0.000410326  0.000590581    0.0166864    0.0304353     0.075322     0.112499     0.129845     0.166573     0.154784     0.193778     0.256264     0.285266     0.335164     0.478333     0.641492     0.693405     0.717543     0.718346     0.675645     0.576165     0.438262     0.352677     0.265291     0.203206     0.139574     0.099644    0.0784982      0.03878     0.047308 
     0.89125            0            0            0            0            0            0            0            0            0            0            0            0            0            0            0   0.00209614   0.00222774    0.0120173    0.0175043    0.0437001    0.0532749    0.0722893     0.118578     0.129368     0.180801      0.14898     0.213194     0.184037     0.303593     0.374809     0.472953     0.550359      0.58782     0.539873     0.508258     0.427141     0.330417     0.261199     0.203067      0.13979     0.110025    0.0713114    0.0526385    0.0284136    0.0336997 
           1            0            0            0            0            0            0            0            0            0            0            0            0            0            0            0   0.00041237            0   0.00579644   0.00635344    0.0346331    0.0501397    0.0706641    0.0937146    0.0845188     0.135269     0.130818     0.152959     0.181124     0.218964     0.270575     0.338904     0.399877     0.422252     0.403763     0.367451     0.311457     0.264686     0.188601     0.134677    0.0997175    0.0774033    0.0470159     0.038547     0.021486    0.0226787 
       1.122            0            0            0            0            0            0            0            0            0            0            0            0            0            0            0            0   0.00170084   0.00207697    0.0154726    0.0153044    0.0437483    0.0534917    0.0721821    0.0942757    0.0892975     0.113322    0.0909279     0.138195     0.156676     0.195386     0.263478     0.283171     0.305986     0.278597     0.287021     0.227575     0.171745     0.129021     0.106048    0.0733544    0.0519643    0.0363565    0.0249857    0.0134488    0.0168664 
      1.2589            0            0            0            0            0            0            0            0            0            0            0            0            0            0            0            0  0.000604281  0.000497502   0.00862283    0.0245897    0.0221793    0.0339465    0.0470837    0.0753299    0.0744966    0.0759931    0.0858842    0.0972575     0.111231     0.147778     0.190236      0.22325     0.220109     0.224727     0.199235     0.166662     0.120285    0.0962763    0.0698221    0.0496977    0.0337276    0.0246718    0.0193044     0.010023    0.0117687 
      1.4125            0            0            0            0            0            0            0            0            0            0            0            0            0            0            0            0  0.000218255   0.00143947   0.00407234   0.00884938    0.0110387    0.0216147    0.0416959    0.0315951    0.0469991    0.0497699     0.068866    0.0694868    0.0850529     0.101674     0.115361     0.151646     0.159276     0.153953     0.139265     0.119335    0.0849636    0.0687959    0.0513204    0.0357952    0.0236095    0.0184448    0.0120757   0.00624709   0.00664059 
      1.5849            0            0            0            0            0            0            0            0            0            0            0            0            0            0            0            0  0.000592175   0.00217749   0.00505146   0.00638698    0.0136824    0.0184872    0.0309843    0.0219243    0.0303736    0.0384631    0.0288751    0.0407115    0.0672617    0.0680583    0.0979461    0.0937452     0.108272     0.108822    0.0929393    0.0722439    0.0533642    0.0439288    0.0325454    0.0223999    0.0178049    0.0116934   0.00795992   0.00513459   0.00462128 
      1.7783            0            0            0            0            0            0            0            0            0            0            0            0            0            0            0            0            0   0.00138879   0.00147707   0.00578717    0.0120407    0.0153483    0.0126795    0.0127726    0.0196215    0.0199173    0.0313535    0.0374149    0.0321811    0.0449086    0.0575542    0.0761102    0.0753184    0.0675547    0.0553238    0.0481464    0.0367045    0.0288073    0.0189782    0.0148551    0.0123443    0.0073873   0.00558104   0.00291558   0.00269113 
      1.9953            0            0            0            0            0            0            0            0            0            0            0            0            0            0            0  0.000152104  0.000694896  0.000499362  0.000160173    0.0013334   0.00527221   0.00886676    0.0115587   0.00929482    0.0170131    0.0144873    0.0190992    0.0255513    0.0179694    0.0376514    0.0385596    0.0463793    0.0409122    0.0429461    0.0301713    0.0343908     0.020019     0.019153    0.0135257   0.00983633   0.00621606   0.00484166   0.00348039   0.00160892   0.00172094 
      2.2387            0            0            0            0            0            0            0            0            0            0            0            0            0            0            0            0            0            0   0.00114836  0.000775832   0.00178651   0.00577099   0.00497231   0.00684785    0.0111351   0.00636801    0.0112699    0.0120096     0.016084    0.0166386    0.0206279    0.0283404    0.0281951    0.0281301    0.0233439    0.0182684    0.0157241    0.0101836      0.00858   0.00548652   0.00371655   0.00249076   0.00173442   0.00114838  0.000959609 
      2.5119            0            0            0            0            0            0            0            0            0            0            0            0            0            0            0            0            0  0.000347889            0   0.00291929  0.000898826   0.00258071   0.00240311   0.00648809   0.00367288     0.008015   0.00471648   0.00573019   0.00654025   0.00987044    0.0125315    0.0125585    0.0206186    0.0156762     0.012513   0.00990101   0.00918358   0.00545952   0.00446503   0.00303237   0.00227622   0.00163258   0.00108954  0.000620439  0.000756826 
      2.8184            0            0            0            0            0            0            0            0            0            0            0            0            0            0            0            0            0  0.000260144  0.000515352   0.00044343   0.00119266  0.000590422   0.00102972   0.00426626    0.0014771   0.00199328   0.00170829   0.00299342   0.00653229   0.00641928   0.00621162   0.00758955   0.00647324    0.0074192    0.0086993   0.00597595   0.00405242   0.00408076   0.00186768   0.00147728   0.00116192  0.000375121  0.000537064  0.000276336  0.000288846 
      3.1623            0            0            0            0            0            0            0            0            0            0            0            0            0            0            0            0            0            0  0.000130559            0   0.00064241  0.000424499  0.000785198    0.0015482   0.00136768  0.000972843   0.00253808   0.00156595   0.00114888   0.00329027   0.00317313   0.00379682   0.00361026   0.00428124   0.00375044   0.00304098   0.00224448   0.00148632  0.000839784  0.000839238  0.000647427   0.00053855  0.000341698  0.000234054  0.000136735 
      3.5481            0            0            0            0            0            0            0            0            0            0            0            0            0            0            0            0            0            0            0            0            0  0.000129417  0.000503234   9.9821e-05  0.000527233  0.000342491  0.000286142  0.000459845   0.00176156   0.00175848   0.00112718   0.00150493   0.00251673    0.0017222  0.000978262  0.000889362   0.00037265  0.000701934  0.000367783  0.000355502  0.000201802  8.40314e-05  0.000162633  2.62681e-05   0.00010718 
      3.9811            0            0            0            0            0            0            0            0            0            0            0            0            0            0            0            0            0            0            0  9.04418e-05  0.000121335            0   8.2931e-05            0  0.000316015  0.000546305  0.000123457  0.000136672  0.000507447   0.00058353  0.000788991  0.000654525   0.00125776  0.000561132  0.000686668  0.000282316  0.000440755  0.000272974  0.000352177  0.000138932  0.000127017  9.91499e-05  2.30252e-05  1.36772e-05  2.27073e-05 
      4.4668            0            0            0            0            0            0            0            0            0            0            0            0            0            0            0            0            0            0            0            0            0            0   9.8891e-05            0  0.000244035   0.00011636  0.000134898  0.000161705  6.47102e-05            0            0            0  0.000184292  0.000262404  0.000355836  0.000105251  0.000337687  0.000377904  2.29981e-05  5.74923e-05  7.61495e-05  7.20312e-06            0  1.37816e-05  1.38212e-05 
      5.0119            0            0            0            0            0            0            0            0            0            0            0            0            0            0            0            0            0            0            0            0            0            0            0            0            0            0            0            0            0   0.00010122            0  9.60248e-05  6.36291e-05  9.50345e-07  0.000112892            0            0  5.54526e-05  1.57097e-05  2.04723e-05            0            0            0            0            0 
      5.6234            0            0            0            0            0            0            0            0            0            0            0            0            0            0            0            0            0            0            0            0            0            0            0            0            0            0            0            0            0            0            0            0            0            0            0            0  3.82927e-05            0            0  1.51854e-05  1.29038e-05            0            0            0            0 
      6.3096            0            0            0            0            0            0            0            0            0            0            0            0            0            0            0            0            0            0            0            0            0            0            0            0            0            0            0            0            0            0            0            0            0            0            0            0            0            0            0   1.3078e-05            0            0            0            0            0 
      7.0795            0            0            0            0            0            0            0            0            0            0            0            0            0            0            0            0            0            0            0            0            0            0            0            0            0            0            0            0            0            0            0            0            0            0            0            0            0            0            0            0            0            0            0            0            0 
      7.9433            0            0            0            0            0            0            0            0            0            0            0            0            0            0            0            0            0            0            0            0            0            0            0            0            0            0            0            0            0            0            0            0            0            0            0            0            0            0            0            0            0            0            0            0            0 
      8.9125            0            0            0            0            0            0            0            0            0            0            0            0            0            0            0            0            0            0            0            0            0            0            0            0            0            0            0            0            0            0            0            0            0            0            0            0            0            0            0            0            0            0            0            0            0 
          10            0            0            0            0            0            0            0            0            0            0            0            0            0            0            0            0            0            0            0            0            0            0            0            0            0            0            0            0            0            0            0            0            0            0            0            0            0            0            0            0            0            0            0            0            0 
       11.22            0            0            0            0            0            0            0            0            0            0            0            0            0            0            0            0            0            0            0            0            0            0            0            0            0            0            0            0            0            0            0            0            0            0            0            0            0            0            0            0            0            0            0            0            0 
      12.589            0            0            0            0            0            0            0            0            0            0            0            0            0            0            0            0            0            0            0            0            0            0            0            0            0            0            0            0            0            0            0            0            0            0            0            0            0            0            0            0            0            0            0            0            0 
      14.125            0            0            0            0            0            0            0            0            0            0            0            0            0            0            0            0            0            0            0            0            0            0            0            0            0            0            0            0            0            0            0            0            0            0            0            0            0            0            0            0            0            0            0            0            0 
      15.849            0            0            0            0            0            0            0            0            0            0            0            0            0            0            0            0            0            0            0            0            0            0            0            0            0            0            0            0            0            0            0            0            0            0            0            0            0            0            0            0            0            0            0            0            0 
      17.783            0            0            0            0            0            0            0            0            0            0            0            0            0            0            0            0            0            0            0            0            0            0            0            0            0            0            0            0            0            0            0            0            0            0            0            0            0            0            0            0            0            0            0            0            0 
      19.953            0            0            0            0            0            0            0            0            0            0            0            0            0            0            0            0            0            0            0            0            0            0            0            0            0            0            0            0            0            0            0            0            0            0            0            0            0            0            0            0            0            0            0            0            0 
      22.387            0            0            0            0            0            0            0            0            0            0            0            0            0            0            0            0            0            0            0            0            0            0            0            0            0            0            0            0            0            0            0            0            0            0            0            0            0            0            0            0            0            0            0            0            0 
      25.119            0            0            0            0            0            0            0            0            0            0            0            0            0            0            0            0            0            0            0            0            0            0            0            0            0            0            0            0            0            0            0            0            0            0            0            0            0            0            0            0            0            0            0            0            0 
      28.184            0            0            0            0            0            0            0            0            0            0            0            0            0            0            0            0            0            0            0            0            0            0            0            0            0            0            0            0            0            0            0            0            0            0            0            0            0            0            0            0            0            0            0            0            0 
      31.623            0            0            0            0            0            0            0            0            0            0            0            0            0            0            0            0            0            0            0            0            0            0            0            0            0            0            0            0            0            0            0            0            0            0            0            0            0            0            0            0            0            0            0            0            0 
      35.481            0            0            0            0            0            0            0            0            0            0            0            0            0            0            0            0            0            0            0            0            0            0            0            0            0            0            0            0            0            0            0            0            0            0            0            0            0            0            0            0            0            0            0            0            0 
      39.811            0            0            0            0            0            0            0            0            0            0            0            0            0            0            0            0            0            0            0            0            0            0            0            0            0            0            0            0            0            0            0            0            0            0            0            0            0            0            0            0            0            0            0            0            0 
      44.668            0            0            0            0            0            0            0            0            0            0            0            0            0            0            0            0            0            0            0            0            0            0            0            0            0            0            0            0            0            0            0            0            0            0            0            0            0            0            0            0            0            0            0            0            0 
      50.119            0            0            0            0            0            0            0            0            0            0            0            0            0            0            0            0            0            0            0            0            0            0            0            0            0            0            0            0            0            0            0            0            0            0            0            0            0            0            0            0            0            0            0            0            0 
      56.234            0            0            0            0            0            0            0            0            0            0            0            0            0            0            0            0            0            0            0            0            0            0            0            0            0            0            0            0            0            0            0            0            0            0            0            0            0            0            0            0            0            0            0            0            0 
      63.096            0            0            0            0            0            0            0            0            0            0            0            0            0            0            0            0            0            0            0            0            0            0            0            0            0            0            0            0            0            0            0            0            0            0            0            0            0            0            0            0            0            0            0            0            0 
      70.795            0            0            0            0            0            0            0            0            0            0            0            0            0            0            0            0            0            0            0            0            0            0            0            0            0            0            0            0            0            0            0            0            0            0            0            0            0            0            0            0            0            0            0            0            0 
      79.433            0            0            0            0            0            0            0            0            0            0            0            0            0            0            0            0            0            0            0            0            0            0            0            0            0            0            0            0            0            0            0            0            0            0            0            0            0            0            0            0            0            0            0            0            0 
      89.125            0            0            0            0            0            0            0            0            0            0            0            0            0            0            0            0            0            0            0            0            0            0            0            0            0            0            0            0            0            0            0            0            0            0            0            0            0            0            0            0            0            0            0            0            0 
