## Wavelength Along Top (Angstroms) v Time 
                0.0904362     0.101471     0.113852     0.127745     0.143332     0.160821     0.180444     0.202461     0.227166     0.254883     0.285984      0.32088     0.360033     0.403964     0.453255      0.50856     0.570613     0.640239     0.718361     0.806012     0.904362      1.01471      1.13852      1.27745      1.43332      1.60821      1.80444      2.02461      2.27166      2.54883      2.85984       3.2088      3.60033      4.03964      4.53255       5.0856      5.70613      6.40239      7.18361      8.06012      9.04362      10.1471      11.3852      12.7745      14.3332 
  0.00000000            0            0            0            0            0            0            0            0            0            0            0            0            0            0            0            0            0            0            0            0            0            0            0            0            0            0            0            0            0            0            0            0            0            0            0            0            0            0            0            0            0            0            0            0            0 
  0.00011037            0            0            0            0            0            0            0            0            0            0            0            0            0            0            0            0            0            0            0            0            0            0            0            0            0            0            0            0            0            0            0            0            0            0            0            0            0            0            0            0            0            0            0            0            0 
  0.00012182            0            0            0            0            0            0            0            0            0            0            0            0            0            0            0            0            0            0            0            0            0            0            0            0            0            0            0            0            0            0            0            0            0            0            0            0            0            0            0            0            0            0            0            0            0 
  0.00013445            0            0            0            0            0            0            0            0            0            0            0            0            0            0            0            0            0            0            0            0            0            0            0            0            0            0            0            0            0            0            0            0            0            0            0            0            0            0            0            0            0            0            0            0            0 
   0.0001484            0            0            0            0            0            0            0            0            0            0            0            0            0            0            0            0            0            0            0            0            0            0            0            0            0            0            0            0            0            0            0            0            0            0            0            0            0            0            0            0            0            0            0            0            0 
  0.00016379            0            0            0            0            0            0            0            0            0            0            0            0            0            0            0            0            0            0            0            0            0            0            0            0            0            0            0            0            0            0            0            0            0            0            0            0            0            0            0            0            0            0            0            0            0 
  0.00018078            0            0            0            0            0            0            0            0            0            0            0            0            0            0            0            0            0            0            0            0            0            0            0            0            0            0            0            0            0            0            0            0            0            0            0            0            0            0            0            0            0            0            0            0            0 
  0.00019953            0            0            0            0            0            0            0            0            0            0            0            0            0            0            0            0            0            0            0            0            0            0            0            0            0            0            0            0            0            0            0            0            0            0            0            0            0            0            0            0            0            0            0            0            0 
  0.00022022            0            0            0            0            0            0            0            0            0            0            0            0            0            0            0            0            0            0            0            0            0            0            0            0            0            0            0            0            0            0            0            0            0            0            0            0            0            0            0            0            0            0            0            0            0 
  0.00024306            0            0            0            0            0            0            0            0            0            0            0            0            0            0            0            0            0            0            0            0            0            0            0            0            0            0            0            0            0            0            0            0            0            0            0            0            0            0            0            0            0            0            0            0            0 
  0.00026827            0            0            0            0            0            0            0            0            0            0            0            0            0            0            0            0            0            0            0            0            0            0            0            0            0            0            0            0            0            0            0            0            0            0            0            0            0            0            0            0            0            0            0            0            0 
  0.00029609            0            0            0            0            0            0            0            0            0            0            0            0            0            0            0            0            0            0            0            0            0            0            0            0            0            0            0            0            0            0            0            0            0            0            0            0            0            0            0            0            0            0            0            0            0 
   0.0003268            0            0            0            0            0            0            0            0            0            0            0            0            0            0            0            0            0            0            0            0            0            0            0            0            0            0            0            0            0            0            0            0            0            0            0            0            0            0            0            0            0            0            0            0            0 
   0.0003607            0            0            0            0            0            0            0            0            0            0            0            0            0            0            0            0            0            0            0            0            0            0            0            0            0            0            0            0            0            0            0            0            0            0            0            0            0            0            0            0            0            0            0            0            0 
  0.00039811            0            0            0            0            0            0            0            0            0            0            0            0            0            0            0            0            0            0            0            0            0            0            0            0            0            0            0            0            0            0            0            0            0            0            0            0            0            0            0            0            0            0            0            0            0 
   0.0004394            0            0            0            0            0            0            0            0            0            0            0            0            0            0            0            0            0            0            0            0            0            0            0            0            0            0            0            0            0            0            0            0            0            0            0            0            0            0            0            0            0            0            0            0            0 
  0.00048497       6.5701            0            0            0            0            0            0            0            0            0            0            0            0            0            0            0            0            0            0            0            0            0            0            0            0            0            0            0            0            0            0            0            0            0            0            0            0            0            0            0            0            0            0            0            0 
  0.00053527      6.07479            0            0            0            0            0            0            0            0            0            0            0            0            0            0            0            0            0            0            0            0            0            0            0            0            0            0            0            0            0            0            0            0            0            0            0            0            0            0            0            0            0            0            0            0 
  0.00059078      11.3018            0            0            0            0            0            0            0            0            0            0            0            0            0            0            0            0            0            0            0            0            0            0            0            0            0            0            0            0            0            0            0            0            0            0            0            0            0            0            0            0            0            0            0            0 
  0.00065206      63.2787      30.0474      5.12297            0            0            0            0            0            0            0            0            0            0            0            0            0            0            0            0            0            0            0            0            0            0            0            0            0            0            0            0            0            0            0            0            0            0            0            0            0            0            0            0            0            0 
  0.00071969      85.9223      52.1136      9.06826            0            0            0            0            0            0            0            0            0            0            0            0            0            0            0            0            0            0            0            0            0            0            0            0            0            0            0            0            0            0            0            0            0            0            0            0            0            0            0            0            0            0 
  0.00079433      125.518      101.676      42.0726      12.0749       4.1833            0            0            0            0            0            0            0            0            0            0            0            0            0            0            0            0            0            0            0            0            0            0            0            0            0            0            0            0            0            0            0            0            0            0            0            0            0            0            0            0 
  0.00087671      182.099      143.364      59.9324      33.5468      15.0954            0            0            0            0            0            0            0            0            0            0            0            0            0            0            0            0            0            0            0            0            0            0            0            0            0            0            0            0            0            0            0            0            0            0            0            0            0            0            0            0 
  0.00096764      237.758      133.262       132.42      59.3298      30.7251      6.57251            0            0            0            0            0            0            0            0            0            0            0            0            0            0            0            0            0            0            0            0            0            0            0            0            0            0            0            0            0            0            0            0            0            0            0            0            0            0            0 
    0.001068      262.045      214.717      156.605      70.8763      68.6611      20.4943      3.09048      2.95989            0            0            0            0            0            0            0            0            0            0            0            0            0            0            0            0            0            0            0            0            0            0            0            0            0            0            0            0            0            0            0            0            0            0            0            0            0 
   0.0011788      310.304      219.038      190.447      133.922       62.341      41.0513      8.11479      5.52674            0            0            0            0            0            0            0            0            0            0            0            0            0            0            0            0            0            0            0            0            0            0            0            0            0            0            0            0            0            0            0            0            0            0            0            0            0 
    0.001301      242.798      252.484      188.686      163.816      97.8579      81.5059      24.7796      9.28273            0            0            0            0            0            0            0            0            0            0            0            0            0            0            0            0            0            0            0            0            0            0            0            0            0            0            0            0            0            0            0            0            0            0            0            0            0 
    0.001436      259.988      199.708      210.098      171.699      114.232       92.367      41.1955      17.9756      6.68616            0      2.31197            0            0            0            0            0            0            0            0            0            0            0            0            0            0            0            0            0            0            0            0            0            0            0            0            0            0            0            0            0            0            0            0            0            0 
   0.0015849      184.372      230.279      204.907      205.846      131.902      119.658        68.31      49.1244      16.1247      13.6202      2.10004            0            0            0            0            0            0            0            0            0            0            0            0            0            0            0            0            0            0            0            0            0            0            0            0            0            0            0            0            0            0            0            0            0            0 
   0.0017493      177.971      214.397      146.494       175.09      171.186      142.974       120.55      70.4417       37.299      21.8155      8.97146            0            0            0            0            0            0            0            0            0            0            0            0            0            0            0            0            0            0            0            0            0            0            0            0            0            0            0            0            0            0            0            0            0            0 
   0.0019307      124.746      153.996      188.939       216.21      175.106      153.213      105.229      80.8846      60.6998      19.9502      13.0769      4.82227            0            0            0            0            0            0            0            0            0            0            0            0            0            0            0            0            0            0            0            0            0            0            0            0            0            0            0            0            0            0            0            0            0 
   0.0021309      87.6265      106.598       144.95      162.227      154.522       126.79      118.573      109.269      60.4941      42.8826      27.8214       8.9021      4.43048            0            0            0            0            0            0            0            0            0            0            0            0            0            0            0            0            0            0            0            0            0            0            0            0            0            0            0            0            0            0            0            0 
    0.002352      104.096      103.394        105.6        125.8      152.063      146.966      134.249      137.906      69.4613      54.7393      58.5925      26.0419      8.25087            0            0            0            0            0            0            0            0            0            0            0            0            0            0            0            0            0            0            0            0            0            0            0            0            0            0            0            0            0            0            0            0 
   0.0025959      58.9897      72.3189      83.2092      102.351      116.307      125.523      138.968      117.174      106.304      68.8196      35.4644      35.9459      17.9547      9.67213      1.08584            0            0            0            0            0            0            0            0            0            0            0            0            0            0            0            0            0            0            0            0            0            0            0            0            0            0            0            0            0            0 
   0.0028651      46.8533        50.44       62.867      73.2057      105.287      104.524      114.195      112.893      113.815      98.5616      57.9359      41.1613       26.171      22.5001       6.7539      2.16419            0            0            0            0            0            0            0            0            0            0            0            0            0            0            0            0            0            0            0            0            0            0            0            0            0            0            0            0            0 
   0.0031623      30.8627      27.0333      51.8369      76.8629      72.6826      88.6683      121.304      108.117      87.7211      77.5465      89.2016      41.0869      38.8114      20.3621       12.899      11.1607      1.93297            0            0            0            0            0            0            0            0            0            0            0            0            0            0            0            0            0            0            0            0            0            0            0            0            0            0            0            0 
   0.0034903      16.7668      24.1328      36.7975      43.6131      62.0713      70.9597      76.8107      93.2431      98.7063       102.56      79.2104      56.9446      38.4264      32.5513      15.9021      6.31766      5.63175      3.68462     0.922956            0            0            0            0            0            0            0            0            0            0            0            0            0            0            0            0            0            0            0            0            0            0            0            0            0            0 
   0.0038522      14.0288      18.6592      29.1562      32.7834       37.988      63.0167      70.3398      78.1392      74.9355      89.7539      75.5222      72.0924      58.6238      44.9211      30.1804      11.0982      11.1315      2.42042            0            0            0            0            0            0            0            0            0            0            0            0            0            0            0            0            0            0            0            0            0            0            0            0            0            0            0 
   0.0042518      8.77696      13.9411       22.127      21.1277       28.683      41.2815      49.6477      61.0619      64.2223      77.0472      73.9227      68.0536      49.7521      48.9527      32.1624      17.4566      17.4561       8.2592     0.765417            0            0            0            0            0            0            0            0            0            0            0            0            0            0            0            0            0            0            0            0            0            0            0            0            0            0 
   0.0046928      4.90091       18.059      11.4002      14.2187      20.5726      27.3305      39.0399      42.5225      54.3616      72.1082      78.8856      65.9208      62.0748      42.0196      36.0473      28.9474      14.2715      12.8229      2.02364            0            0            0            0            0            0            0            0            0            0            0            0            0            0            0            0            0            0            0            0            0            0            0            0            0            0 
   0.0051795      8.16289      8.62546      6.56067      13.2756      16.1916      15.0454       30.676      37.0565      51.1649      50.1009      60.5044      62.1526      60.0226      51.8293      35.0428      36.7187      26.2989      17.3288      9.74991      4.19353       1.2677            0     0.568541            0            0            0            0            0            0            0            0            0            0            0            0            0            0            0            0            0            0            0            0            0            0 
   0.0057167      4.40593      4.33554       6.9481      8.29108      9.69455      15.2437      12.0544      28.9942      25.3782      41.9049      47.8395      50.3135      62.6171      57.9475      51.5296      38.6177      33.5229      18.0362      16.4457      5.57229      1.04927            0            0            0            0            0            0            0            0            0            0            0            0            0            0            0            0            0            0            0            0            0            0            0            0 
   0.0063096      3.18067      3.04001       2.7374      6.30467      8.08621      13.1598      15.5111      16.5432      21.0215      28.2699      37.6689      42.5114      61.1038      55.7791       39.209      34.1554      39.4219      29.7302      21.7488      12.6503      5.51812      2.50856     0.455709            0            0            0            0            0            0            0            0            0            0            0            0            0            0            0            0            0            0            0            0            0            0 
    0.006964      1.49209      1.79341      2.81177      3.30974      6.93529      7.21032      7.96735      11.4944      15.2628      21.9749      24.5359      29.2912      40.9851      50.7349      37.0029      40.6271        48.26       32.425      22.8766      12.7327      6.52238      5.80644      1.88472      0.46637            0            0            0            0            0            0            0            0            0            0            0            0            0            0            0            0            0            0            0            0            0 
   0.0076862      1.25189      1.60566      2.11422      1.99831      3.83408      7.58516      9.78453      8.87354      9.03393      17.9915      20.5999      25.3196      28.4261      28.4352      31.2191      32.2457      38.7152       38.645      25.8415      19.1819       10.816      7.78592      2.41333     0.852056            0            0            0            0            0            0            0            0            0            0            0            0            0            0            0            0            0            0            0            0            0 
   0.0084834     0.420107      2.08856      1.63023      2.28943      2.67578      2.56093      5.47546      8.23361      6.28044      10.1237       8.8567      18.9626      28.2776      29.0059      28.7778      33.8219      34.7223      34.2033      30.1212      19.3886      21.9805      10.6731      5.58959      3.29332      1.08755            0            0            0            0            0            0            0            0            0            0            0            0            0            0            0            0            0            0            0            0 
   0.0093633     0.674778     0.194536      1.02798      1.64188      1.44795       3.2691      2.88644       4.1359      8.05659      6.74981      12.1641      13.9332       19.243      18.9015      18.7247      21.4759      27.4477      26.7279      31.3909      23.4046      22.5219      10.3272      9.64511      4.51503      4.04309     0.698642     0.658516            0            0            0            0            0            0            0            0            0            0            0            0            0            0            0            0            0            0 
    0.010334     0.615566            0     0.871651      1.50111      2.00963     0.956778      3.03009       4.5019      6.60356      5.23955      6.31255        9.332       12.384      12.3362      20.6107      20.8401      25.6771      25.3496       29.947      22.8245      21.7298      21.2315      11.4273      8.67641      5.31371       3.0265     0.634551            0            0            0            0            0            0            0            0            0            0            0            0            0            0            0            0            0            0 
    0.011406            0     0.483696            0     0.276895      1.52482      1.48347      1.41701      2.36399      3.86106      1.81875      5.22186      7.55366      7.62296      9.67968      11.5007      15.0971      19.9722      17.5547      24.5164       24.153      21.7188      16.9886       17.379      11.2581      7.75092      2.80351     0.252469     0.288133            0            0            0            0            0            0            0            0            0            0            0            0            0            0            0            0            0 
    0.012589      0.11754            0            0     0.412963     0.474793      1.48434     0.937787      1.68432      2.01679       3.1861      3.77886      3.87585      8.31558      7.17203      9.43149      12.2611      12.4675      21.1993      20.0839      20.1487       20.758       18.117       15.615      14.8725      11.9704      5.79317      2.54936      2.46767     0.251942            0            0            0            0            0            0            0            0            0            0            0            0            0            0            0            0 
    0.013895            0            0     0.470025     0.225205     0.453578     0.484344      1.23183     0.917357      1.91541      1.38228      2.85747      3.25545      6.73043      6.81157      6.71542      6.30152      11.2753      15.3153      16.7718      17.3945      17.8049      17.0692      16.4251      11.7472      11.4267      9.49175      5.31231       2.4851      1.12859     0.216205            0            0            0            0            0            0            0            0            0            0            0            0            0            0            0 
    0.015336            0      0.20923            0     0.313537     0.368772     0.215659     0.566064     0.256753     0.896477      2.30826      1.72378      3.63388      2.95707      3.19132      4.74489      4.88625      7.64924      9.40921      15.3456       13.291       17.197      13.9566      15.5911      14.3805      14.4937      12.1051      5.66685      4.98831      1.94521     0.511643     0.168958            0            0            0            0            0            0            0            0            0            0            0            0            0            0 
    0.016927            0            0     0.190737            0            0    0.0869158     0.415003     0.881151      1.01429     0.802617      1.26918      2.14248       3.1533      2.77466      2.80425       5.0307       6.7174      8.58449      10.8097      8.89161      9.39744      13.0516      14.3433      14.8728      18.3515      14.6397      11.9187      7.40047      2.86373      1.32612      0.70404     0.191429            0            0            0            0            0            0            0            0            0            0            0            0            0 
    0.018682            0            0            0            0            0            0            0     0.479359     0.314978      1.61133      1.64908     0.834504       1.8273      3.16351      1.18818      3.51263      4.45872      7.58662      6.81818       9.8898      9.36326      9.88841      11.5254      15.4505      19.4071      17.2351      12.9107      8.42497       5.6908      2.64627     0.984252            0     0.175195            0            0            0            0            0            0            0            0            0            0            0            0 
     0.02062            0            0            0            0            0     0.139054            0     0.301308     0.294954     0.135032     0.546003     0.941484      2.28803      1.65845      2.64704      1.85271      3.24647      2.78454      5.49776        5.812       4.9757       7.8487      9.06034      11.0806      13.9331      17.4396      13.9265      11.8841      9.60947      3.77795      2.37962     0.602658            0            0            0            0            0            0            0            0            0            0            0            0            0 
    0.022758            0            0            0            0            0     0.136655     0.141018     0.609938     0.170429     0.407588     0.186418      0.88671      1.06184      1.45821      0.72456      1.31273      2.28343      3.28733      3.14105      4.02476       6.2321      5.99423       6.6812      9.12983      12.5597      18.0303      16.4875      13.2999      11.2022      5.89807      3.54416      1.01803      0.82297            0            0            0            0            0            0            0            0            0            0            0            0 
    0.025119            0            0            0            0            0            0            0     0.125638            0     0.125873     0.120719     0.690141     0.389951      1.40111      1.35931      1.84948      1.21806      3.49018      3.26227      2.74018      3.78386      5.28655      6.93455      7.72518      11.8107      13.6808      16.8181      14.8652      12.3076      5.98092      2.91456      2.98618       1.8987     0.375483            0            0            0            0            0            0            0            0            0            0            0 
    0.027724            0            0            0            0            0            0            0    0.0801091     0.210266            0     0.274525     0.076339     0.129698     0.206968      0.96062       1.1248      1.79454       1.6983      2.50537      2.73877      3.20326      4.36031      4.99846      7.56615      8.87464      13.6536      13.3437      17.9405      19.1734      11.9363      6.90205      3.81595      2.22534     0.733319     0.118865    0.0816149            0            0            0            0            0            0            0            0            0 
    0.030599            0            0            0            0            0            0            0            0    0.0946434            0            0     0.219211     0.472157     0.583617      0.78558      1.03027      1.20631      1.97801      2.33196      2.26321      3.37817      3.05119      3.46067      4.31784      7.38184      14.0118      16.1429      15.0173      15.5486      11.6035      9.38208      5.25133      2.13198       1.3625     0.491211     0.399937    0.0760739            0            0            0            0            0            0            0            0 
    0.033773            0            0            0            0            0            0            0            0            0            0     0.167532    0.0192613     0.102845     0.283168     0.710973     0.768067     0.676629      1.65211       1.7386      2.41876      1.80657      2.74501      2.82613      3.62198      5.50036      9.36415       13.536      18.4229      19.7715      15.1616      10.1283      7.11911      3.83226       1.9864     0.800666     0.324039     0.133668            0            0            0            0            0            0            0            0 
    0.037276            0            0            0            0            0            0            0            0            0     0.083493            0     0.010992      0.26474     0.233524     0.133781     0.240991     0.612212     0.675158      1.84692      1.28069      2.41845      2.42075      2.36558      2.35515      3.63916      6.10256      13.7394      19.4967      20.9797      14.4005       13.165      6.17762      4.61353      2.76192      1.28672     0.819618     0.182255    0.0424332            0            0            0            0            0            0            0 
    0.041142            0            0            0            0            0            0            0            0    0.0733437            0            0    0.0734737            0    0.0220913     0.254742      0.49999     0.502912     0.634122      1.07771      1.44047      1.58845      1.72052      1.96415      2.63957      2.85595      6.47615      11.4716      16.9638      20.5451      18.9497        9.986      8.51827       5.2463      3.67094      1.56571     0.879659      0.42269            0            0            0            0            0            0            0            0 
    0.045409            0            0            0            0            0            0            0            0            0            0    0.0673728            0    0.0289799            0     0.242513    0.0662768      0.30939     0.509958     0.700102      1.13436      1.56789       1.8493      1.76507      2.23702      3.26533      4.87388      10.0812      14.5567      23.1913       17.677      13.2053      10.0315      6.41229      4.19735      1.59621       1.4966     0.870605    0.0893373     0.143071            0            0            0            0            0            0 
    0.050119            0            0            0            0            0            0            0            0            0            0    0.0566683            0            0    0.0593444    0.0737975     0.131109     0.249293     0.394564     0.476305     0.682639      0.82522      1.75695      1.53886      1.55459      2.76848      3.47252      7.67212      12.7561      20.3155      19.5989      15.6512      12.5238      7.54645      4.78043      2.75816      1.90578      1.19071     0.426673     0.261655    0.0549694   0.00566592            0            0            0            0 
    0.055317            0            0            0            0            0            0            0            0            0            0            0            0    0.0564798    0.0940641            0    0.0571213     0.267219      0.27756     0.352716     0.615362      1.03881      1.00542      1.33865      1.23326      1.75505      2.99887      5.50899      13.1486      17.5999      19.8248      15.9926      10.5075      8.53173      4.72221       3.3866      2.77789     0.946847     0.722705     0.136958      0.15476   0.00169217    0.0368037            0            0            0 
    0.061054            0            0            0            0            0            0            0            0            0            0            0            0            0            0    0.0426317     0.127261    0.0980328     0.317606     0.469786     0.475919       1.0921      1.28108      1.14872      1.43503      1.14885      2.19945       4.4415      11.1284      17.4832      19.1965      15.8204      12.4309      10.7618      5.71922      4.12604      3.17618      1.69726      1.01329     0.375308     0.184752    0.0747679            0            0            0            0 
    0.067386            0            0            0            0            0            0            0            0            0            0            0            0            0            0            0    0.0431194     0.204312      0.14886      0.34005     0.517443     0.903315     0.923844      1.18099      1.45412      1.45753      2.19187      3.78956      7.96868       16.988      16.8849       16.105      11.6837      10.2359      7.09937       3.5049      2.93637      1.53131      1.17735     0.551917     0.387773    0.0696148   0.00604357            0    0.0563981            0 
    0.074375            0            0            0            0            0            0            0            0            0            0            0            0            0            0            0    0.0308894    0.0424697     0.133186     0.300884     0.456174     0.647039     0.490357     0.880669      1.23739      1.40333      1.57704      2.80909      5.59459      13.6606      17.3045      14.2575      10.9008      9.74533        7.311      4.68521      2.96192      1.82071      1.20187     0.691277     0.362604     0.165192    0.0884625    0.0601333  0.000440487            0 
    0.082089            0            0            0            0            0            0            0            0            0            0            0            0            0            0            0            0   0.00457593     0.167391     0.123728     0.375324     0.483043     0.824471      1.11347      1.17269      1.32884      1.56147      2.27351      4.38729      10.6726      15.0427      13.3891      13.2828      9.80165      6.53805      4.46359       2.9087      1.85149      1.36947     0.687713      0.48659     0.147137     0.248274     0.102892   0.00466338   0.00055021 
    0.090603            0            0            0            0            0            0            0            0            0            0            0            0            0            0            0    0.0343872    0.0619839     0.129184    0.0607802     0.403102     0.543212     0.471073     0.773925      1.24365      1.28305       1.1809      1.77807      3.59763      8.73166      12.5034      14.8953      12.2745      8.45415      6.28449      4.65242      3.27139      2.16334      1.48203     0.984849     0.325297     0.232615     0.232018    0.0313879    0.0518301            0 
         0.1            0            0            0            0            0            0            0            0            0            0            0            0            0    0.0217384            0            0    0.0243985    0.0358092     0.161903      0.12664     0.318111     0.549577      1.03592     0.919636     0.941709      1.14411      1.51782      2.83314      5.95165      11.2377      12.6076      12.1415      10.1609      6.45282      5.13678      3.55862      2.25937      1.26821     0.914146     0.463249     0.525687     0.256002     0.124259    0.0488067    0.0394871 
     0.11037            0            0            0            0            0            0            0            0            0            0            0            0            0            0            0            0    0.0273491    0.0605823    0.0915121     0.252116     0.292967      0.51876     0.569997       0.7157     0.759127     0.962932      1.41429      2.71265      5.55887      8.96527      11.6547      12.3997      9.89671      7.09349      4.78866      3.61008      2.23759      1.59585      1.06434     0.638878     0.414197     0.234509     0.131189    0.0982348    0.0342922 
     0.12182            0            0            0            0            0            0            0            0            0            0            0            0            0            0            0            0            0    0.0163457    0.0991974     0.152585     0.392665     0.497796     0.420233      0.82783       1.0474     0.977029      1.54171       2.0617      4.51599       6.3667      9.05907      9.97189      9.56063      6.98648      5.05054      3.27892      2.29208      1.73555     0.918928     0.585098     0.464283     0.325333     0.185882     0.123588    0.0500596 
     0.13445            0            0            0            0            0            0            0            0            0            0            0            0            0            0            0            0            0    0.0489031     0.144122     0.177864     0.252134     0.398219     0.619932     0.783321      0.91329     0.989158      1.33507      1.91472      3.58541      5.79528      7.85707      9.36742       9.4915      8.03373      5.05074      3.60053      2.06056       1.4134      1.24185     0.748732     0.360068     0.244288     0.192444    0.0811843    0.0627783 
      0.1484            0            0            0            0            0            0            0            0            0            0            0            0            0            0            0            0            0    0.0183149     0.117637     0.176972     0.341395     0.433647     0.515703     0.630114     0.943315     0.881907      1.21129      1.94726      3.13008      5.07961      6.30852      7.63956      8.86937      7.65764      6.14217      3.86476      2.43123      1.59383      1.13399      0.73704     0.556087     0.388222     0.154067     0.190441    0.0828814 
     0.16379            0            0            0            0            0            0            0            0            0            0            0            0            0            0            0            0            0     0.037052     0.108228    0.0970318     0.323407     0.289789     0.412313     0.551852     0.698715     0.819898       1.2836       1.6564      2.96717      4.64358      5.56758      7.35664       7.5525      7.29403      5.75675      4.23154      2.78486      1.59794      1.21466     0.639209      0.49548     0.244415     0.184247    0.0755222    0.0241999 
     0.18078            0            0            0            0            0            0            0            0            0            0            0            0            0            0            0            0            0   0.00839424    0.0576242     0.113015      0.23931     0.237361     0.445149      0.57749     0.799401     0.770806     0.906045      1.50677      2.62584      3.93311        5.113      6.33721      6.01267      6.14892      5.19563       4.3451      3.00047      1.80209      1.27556     0.660099     0.528341     0.302111     0.152822     0.158725    0.0555463 
     0.19953            0            0            0            0            0            0            0            0            0            0            0            0            0            0            0            0    0.0159388    0.0137315    0.0966612     0.102416     0.229211     0.303514     0.303997     0.408775     0.422493     0.626469     0.912991      1.35473      2.23475      3.60589      4.11926      4.98515      5.61056      5.56241      4.75868      3.86202      3.02084      1.99085      1.25965     0.745972     0.446586     0.308136      0.15654      0.11901    0.0345348 
     0.22022            0            0            0            0            0            0            0            0            0            0            0            0            0            0            0            0   0.00155428    0.0183286    0.0498296      0.11761     0.290649     0.302457     0.368499     0.406544     0.425482     0.639635     0.863224      1.16726      1.74552       3.1445       3.8943      4.65955      4.90455      4.43604      4.49503      3.50497      2.97792      2.20759      1.28432      0.74758      0.42606     0.304345     0.239772     0.112782    0.0633158 
     0.24306            0            0            0            0            0            0            0            0            0            0            0            0            0            0            0            0            0    0.0354994    0.0609941     0.117834     0.185107     0.285976     0.290438     0.442907     0.344861     0.470584     0.789395      1.16967      1.81042      2.60991      3.54599      4.02717      4.26042      4.18716      3.65072      3.15254      2.51649      1.91169      1.37893     0.900681     0.486866     0.261263     0.246103     0.172778    0.0731248 
     0.26827            0            0            0            0            0            0            0            0            0            0            0            0            0            0            0            0            0   0.00731983    0.0727131    0.0862614     0.179643     0.218404     0.313759     0.280562     0.400024      0.47869     0.561167     0.969367      1.72982      2.55516      3.03129      3.69491      3.63518      3.68881      3.04101      2.77912      2.28063       1.7076      1.39247      0.88234     0.619459     0.303446     0.177017     0.128107    0.0594857 
     0.29609            0            0            0            0            0            0            0            0            0            0            0            0            0            0            0            0    0.0140486    0.0110125    0.0309767     0.088841     0.145922     0.177363     0.233797     0.323006     0.347989     0.427785     0.537169     0.820858      1.59199      2.02561      2.61455      3.18289      3.05024      2.90087        2.857       2.3221      1.85779       1.4528      1.16952     0.899879     0.542835     0.332535     0.222857       0.1073    0.0669199 
      0.3268            0            0            0            0            0            0            0            0            0            0            0            0            0            0            0   0.00300677   0.00875741    0.0101076     0.061152    0.0530053     0.169708     0.124803     0.208119     0.268406     0.328491     0.349845     0.529919     0.728514      1.26724      1.77036      2.20228      2.68465      2.78385      2.54954      2.18885      1.96673      1.57342      1.29671      1.01405     0.745987     0.544697      0.37752     0.207654     0.107241    0.0603733 
      0.3607            0            0            0            0            0            0            0            0            0            0            0            0            0            0            0            0            0    0.0112237     0.036086    0.0985218    0.0753937     0.139329     0.206436     0.257385     0.315861     0.303564     0.411337     0.720791      1.08889      1.74772      2.03474      2.23374      2.34664      2.07736      1.83365      1.61637      1.28725      1.15477     0.845181     0.637165     0.448191     0.334765     0.217046     0.116576    0.0516877 
     0.39811            0            0            0            0            0            0            0            0            0            0            0            0            0            0            0   0.00797941            0   0.00669106    0.0278886    0.0706393     0.124212     0.122228     0.167665     0.201386     0.216221     0.295876      0.42501     0.624527     0.903561      1.43487      1.66393      1.87445      1.96108      1.89463      1.59788      1.38424      1.09963     0.864132     0.689845     0.499292     0.370348      0.27623     0.201261     0.111796    0.0712666 
      0.4394            0            0            0            0            0            0            0            0            0            0            0            0            0            0            0            0   0.00269296     0.011927    0.0303166    0.0324191    0.0621186     0.110614     0.133945     0.182172     0.189285     0.281508     0.379882     0.467026     0.862625      1.15154      1.40646       1.5553      1.65132      1.57499      1.36434      1.11027     0.821369     0.681248     0.548649     0.411919     0.316086     0.230768     0.160087     0.107449    0.0842643 
     0.48497            0            0            0            0            0            0            0            0            0            0            0            0            0            0            0   0.00488154  0.000689548    0.0076157    0.0161147     0.024477    0.0557695    0.0935972     0.138398     0.169137     0.180221     0.259969     0.321111     0.342767     0.654698      1.03223      1.23983      1.31482      1.32455      1.33752      1.15533     0.984312     0.764729     0.575274     0.435129     0.357201     0.273333     0.183518     0.134948    0.0775462    0.0680109 
     0.53527            0            0            0            0            0            0            0            0            0            0            0            0            0            0            0            0  0.000709102   0.00348336    0.0175369    0.0303554    0.0533724    0.0904835     0.137348     0.128175      0.17359     0.180479     0.252184     0.355427     0.664901      1.00122      1.01053      1.04004      1.03952      1.09848     0.893511     0.801411     0.619195     0.477582     0.361493      0.27081      0.20105     0.147943     0.104985    0.0770535    0.0606789 
     0.59078            0            0            0            0            0            0            0            0            0            0            0            0            0            0            0            0   0.00438196   0.00557426    0.0182975    0.0380666    0.0589679    0.0543531     0.101734     0.141667     0.151468     0.145475     0.182035     0.342208     0.438428     0.621788     0.829809     0.883329     0.902253     0.810042     0.726086     0.582203     0.495353     0.349094     0.287441     0.199963     0.157337     0.121356     0.075719    0.0516152    0.0465107 
     0.65206            0            0            0            0            0            0            0            0            0            0            0            0            0            0            0            0            0   0.00606919    0.0122752    0.0230937    0.0431896    0.0531562    0.0732484      0.10457    0.0934612     0.128639     0.208469     0.279471     0.393862     0.550873     0.683177     0.696371     0.696725     0.651374     0.567555     0.485085      0.37319     0.309348     0.232287     0.166188     0.135352    0.0783528    0.0600743    0.0481326    0.0368182 
     0.71969            0            0            0            0            0            0            0            0            0            0            0            0            0            0            0            0            0   0.00406544   0.00885838    0.0177618    0.0403318    0.0543243    0.0659961    0.0965932    0.0854237     0.124459     0.138729     0.239459     0.317085      0.43379      0.56257     0.598176     0.589187     0.528677     0.446889     0.357009     0.314819       0.2262     0.160636     0.116797    0.0877878    0.0689615     0.052889    0.0351974    0.0295599 
     0.79433            0            0            0            0            0            0            0            0            0            0            0            0            0            0            0            0            0  0.000535646    0.0105328    0.0119914    0.0249856     0.034537    0.0715291    0.0534057     0.058196     0.079503     0.125986     0.148641     0.280023     0.391293     0.412453     0.436856      0.47709     0.462193     0.364469     0.297782     0.218701     0.172627     0.132944    0.0998156    0.0708075     0.056608    0.0385305    0.0240511    0.0225236 
     0.87671            0            0            0            0            0            0            0            0            0            0            0            0            0            0            0            0   0.00211315  0.000709855      0.01068   0.00852127    0.0168601    0.0298317    0.0514352    0.0574247    0.0445999    0.0526338     0.103338     0.129372     0.218977     0.333377     0.370455      0.35716     0.352745     0.363274     0.297287     0.224912     0.189791     0.121535     0.108963    0.0714959    0.0596838    0.0415828    0.0292634     0.019917     0.012984 
     0.96764            0            0            0            0            0            0            0            0            0            0            0            0            0            0            0            0    0.0003886   0.00377725   0.00756229   0.00636887    0.0218844    0.0243768     0.030969    0.0399445    0.0449932    0.0495763    0.0637482     0.100435     0.167047     0.244836     0.276596     0.306046     0.288966     0.274679     0.206124     0.174749     0.130026     0.111296    0.0761208    0.0569241    0.0390454    0.0270279    0.0192435    0.0147582    0.0110883 
       1.068            0            0            0            0            0            0            0            0            0            0            0            0            0            0            0            0            0   0.00497002   0.00925451   0.00756673    0.0103642    0.0251503    0.0236128    0.0385224    0.0316227    0.0472702     0.055086    0.0796463     0.133895     0.161637     0.197687     0.213156     0.221254     0.211172     0.156419     0.132892     0.109543    0.0707314    0.0589111    0.0457176    0.0312327     0.021717     0.013041    0.0107855   0.00903146 
      1.1788            0            0            0            0            0            0            0            0            0            0            0            0            0            0            0            0  0.000288482  0.000297992    0.0026563    0.0104584    0.0102962    0.0169482    0.0166122    0.0249622    0.0239636    0.0372305    0.0430467    0.0681091     0.103324     0.133676     0.151512     0.168144     0.173773     0.136509     0.130093     0.107217    0.0672625    0.0599494    0.0400284    0.0293635    0.0224771    0.0181433    0.0123088   0.00635903   0.00636377 
       1.301            0            0            0            0            0            0            0            0            0            0            0            0            0            0            0            0  0.000500052    0.0017933   0.00107088   0.00717279    0.0121788   0.00686614    0.0171601    0.0155615    0.0126832    0.0208894    0.0344591    0.0485856     0.101495     0.112916     0.120642     0.124652     0.130382     0.109683    0.0992309    0.0857005    0.0539772    0.0443272    0.0311331    0.0170694    0.0145463    0.0117759   0.00654243   0.00702216   0.00363643 
       1.436            0            0            0            0            0            0            0            0            0            0            0            0            0            0            0            0            0            0  0.000794689    0.0026589   0.00597595    0.0123999   0.00795287    0.0146131    0.0228044    0.0242412    0.0305351    0.0331124    0.0551302    0.0755115    0.0804151    0.0803319    0.0800307    0.0800411    0.0658088    0.0537197    0.0400871    0.0397131    0.0269135    0.0149185    0.0126085   0.00926091   0.00519127   0.00486035   0.00212713 
      1.5849            0            0            0            0            0            0            0            0            0            0            0            0            0            0            0            0            0            0   0.00077164   0.00170535   0.00499068   0.00504679    0.0052305   0.00885316    0.0139873    0.0188741    0.0174802      0.03332    0.0335609    0.0443386    0.0634003    0.0678616    0.0551077    0.0566107    0.0432595    0.0367596    0.0324371    0.0231756    0.0148748    0.0130564   0.00985541    0.0047138   0.00381447   0.00270871   0.00100783 
      1.7493            0            0            0            0            0            0            0            0            0            0            0            0            0            0            0            0            0            0  0.000233149  0.000789929   0.00369784   0.00516574   0.00473507   0.00417886   0.00759749    0.0140772    0.0142028    0.0134925    0.0304183    0.0324755    0.0369992    0.0557506    0.0490266    0.0386724    0.0319059    0.0272386    0.0198494    0.0174393     0.011498   0.00953715   0.00433703   0.00509204   0.00298325   0.00234285   0.00136087 
      1.9307            0            0            0            0            0            0            0            0            0            0            0            0            0            0            0            0            0            0  0.000243279   0.00223643    0.0032118   0.00339529    0.0027472   0.00799203    0.0064304   0.00755289   0.00934212   0.00863772    0.0163067    0.0230864    0.0291031    0.0327991    0.0305376    0.0296011    0.0202341    0.0141629    0.0140483    0.0100915   0.00729243   0.00491892   0.00302575   0.00298615   0.00192441   0.00119912  0.000465375 
      2.1309            0            0            0            0            0            0            0            0            0            0            0            0            0            0            0            0            0  0.000199553  0.000164636   0.00178986   0.00146992   0.00163493   0.00204181  0.000730447   0.00191782   0.00493132   0.00692643    0.0102003    0.0120569    0.0198808    0.0168569    0.0197949    0.0179482    0.0162298    0.0131424    0.0106257   0.00990638     0.008367   0.00414232   0.00494267   0.00256741   0.00164341  0.000713699  0.000944434   0.00036736 
       2.352            0            0            0            0            0            0            0            0            0            0            0            0            0            0            0            0            0  0.000722367            0  0.000581766   0.00100951  0.000552166   0.00102878   0.00164563  0.000988962   0.00318602    0.0022775   0.00408928   0.00621002   0.00818549    0.0105512   0.00863771    0.0105885    0.0116638   0.00828902   0.00651312   0.00556961   0.00322764   0.00362818   0.00341993   0.00245803  0.000616654  0.000824527  0.000398674  0.000185538 
      2.5959            0            0            0            0            0            0            0            0            0            0            0            0            0            0            0            0            0            0            0  0.000560719  0.000561091  0.000594993  0.000195689  0.000819573   0.00211927  0.000656376   0.00142869   0.00116684   0.00513992   0.00458438    0.0075246   0.00796559   0.00919355   0.00696771    0.0052213    0.0036661   0.00359402   0.00294812   0.00215406   0.00105894   0.00125572   0.00106945  0.000347363  9.09854e-05  0.000186558 
      2.8651            0            0            0            0            0            0            0            0            0            0            0            0            0            0            0            0            0            0            0            0  0.000153235            0   0.00112942   0.00016752  0.000599376  0.000792105  0.000910158  0.000903619   0.00156519   0.00200379   0.00437036   0.00465917   0.00298199   0.00394845   0.00382292   0.00268716   0.00177053  0.000883851  0.000594439  0.000610133  0.000171204  0.000384184  0.000210536  7.24128e-05  0.000107441 
      3.1623            0            0            0            0            0            0            0            0            0            0            0            0            0            0            0            0            0            0            0  0.000113955            0  0.000120797  0.000423246  0.000461657  0.000400741  0.000177174   0.00131498  0.000730394  0.000793055   0.00156372   0.00229562   0.00183399   0.00371221   0.00175245   0.00209653   0.00151089   0.00118641  0.000702699  0.000581812  0.000540527  3.33358e-05  0.000130097  0.000130719  5.78084e-05  6.23176e-05 
      3.4903            0            0            0            0            0            0            0            0            0            0            0            0            0            0            0            0            0            0            0            0            0   0.00017061            0            0  0.000345633  0.000512873  0.000461186  0.000172602  0.000569609  0.000292734   0.00158568  0.000845658  0.000768508   0.00130502  0.000430302  0.000505896  0.000721179  8.25649e-05  0.000182695  0.000343795  9.11903e-05  1.48118e-05            0   1.1151e-05  3.51186e-05 
      3.8522            0            0            0            0            0            0            0            0            0            0            0            0            0            0            0            0            0            0            0            0            0            0            0   0.00012662  0.000419263            0            0            0  0.000281418  0.000937847  0.000397361  0.000996901  0.000883226  0.000442949  0.000196889            0            0  9.39955e-05  9.72378e-05  0.000133474  8.38871e-05  1.66664e-05  1.85942e-05  1.06781e-05  1.09854e-05 
      4.2518            0            0            0            0            0            0            0            0            0            0            0            0            0            0            0            0            0            0            0            0            0            0            0  9.15971e-05            0            0  0.000165463  0.000132613  0.000217117   0.00047003            0  0.000213824  0.000245071            0            0  0.000145175  0.000103683  0.000145244  2.38816e-05  2.86572e-05  4.84996e-05  2.89169e-05  9.91881e-06  0.000118594            0 
      4.6928            0            0            0            0            0            0            0            0            0            0            0            0            0            0            0            0            0            0            0            0            0            0            0            0  8.63924e-05            0            0  0.000576494            0            0            0  9.65035e-05    0.0001255            0  9.15343e-05  0.000141362            0  6.32056e-05  9.96567e-05            0  4.43094e-05            0            0            0            0 
      5.1795            0            0            0            0            0            0            0            0            0            0            0            0            0            0            0            0            0            0            0            0            0            0            0            0            0            0            0            0            0            0            0            0            0            0            0            0  6.32538e-05            0            0            0  2.23815e-05            0            0            0  6.51018e-06 
      5.7167            0            0            0            0            0            0            0            0            0            0            0            0            0            0            0            0            0            0            0   0.00010715            0            0            0            0            0            0            0            0            0            0            0            0            0            0            0            0            0            0            0            0            0            0            0            0            0 
      6.3096            0            0            0            0            0            0            0            0            0            0            0            0            0            0            0            0            0            0            0            0            0            0            0            0            0            0            0            0            0            0            0            0            0            0            0            0            0            0            0            0            0            0            0            0            0 
       6.964            0            0            0            0            0            0            0            0            0            0            0            0            0            0            0            0            0            0            0            0            0            0            0            0            0            0            0            0            0            0            0            0            0            0            0            0            0            0            0            0            0            0            0            0            0 
      7.6862            0            0            0            0            0            0            0            0            0            0            0            0            0            0            0            0            0            0            0            0            0            0            0            0            0            0            0            0            0            0            0            0            0            0            0            0            0            0            0            0            0            0            0            0            0 
      8.4834            0            0            0            0            0            0            0            0            0            0            0            0            0            0            0            0            0            0            0            0            0            0            0            0            0            0            0            0            0            0            0            0            0            0            0            0            0            0            0            0            0            0            0            0            0 
      9.3633            0            0            0            0            0            0            0            0            0            0            0            0            0            0            0            0            0            0            0            0            0            0            0            0            0            0            0            0            0            0            0            0            0            0            0            0            0            0            0            0            0            0            0            0            0 
      10.334            0            0            0            0            0            0            0            0            0            0            0            0            0            0            0            0            0            0            0            0            0            0            0            0            0            0            0            0            0            0            0            0            0            0            0            0            0            0            0            0            0            0            0            0            0 
      11.406            0            0            0            0            0            0            0            0            0            0            0            0            0            0            0            0            0            0            0            0            0            0            0            0            0            0            0            0            0            0            0            0            0            0            0            0            0            0            0            0            0            0            0            0            0 
      12.589            0            0            0            0            0            0            0            0            0            0            0            0            0            0            0            0            0            0            0            0            0            0            0            0            0            0            0            0            0            0            0            0            0            0            0            0            0            0            0            0            0            0            0            0            0 
      13.895            0            0            0            0            0            0            0            0            0            0            0            0            0            0            0            0            0            0            0            0            0            0            0            0            0            0            0            0            0            0            0            0            0            0            0            0            0            0            0            0            0            0            0            0            0 
      15.336            0            0            0            0            0            0            0            0            0            0            0            0            0            0            0            0            0            0            0            0            0            0            0            0            0            0            0            0            0            0            0            0            0            0            0            0            0            0            0            0            0            0            0            0            0 
      16.927            0            0            0            0            0            0            0            0            0            0            0            0            0            0            0            0            0            0            0            0            0            0            0            0            0            0            0            0            0            0            0            0            0            0            0            0            0            0            0            0            0            0            0            0            0 
      18.682            0            0            0            0            0            0            0            0            0            0            0            0            0            0            0            0            0            0            0            0            0            0            0            0            0            0            0            0            0            0            0            0            0            0            0            0            0            0            0            0            0            0            0            0            0 
       20.62            0            0            0            0            0            0            0            0            0            0            0            0            0            0            0            0            0            0            0            0            0            0            0            0            0            0            0            0            0            0            0            0            0            0            0            0            0            0            0            0            0            0            0            0            0 
      22.758            0            0            0            0            0            0            0            0            0            0            0            0            0            0            0            0            0            0            0            0            0            0            0            0            0            0            0            0            0            0            0            0            0            0            0            0            0            0            0            0            0            0            0            0            0 
      25.119            0            0            0            0            0            0            0            0            0            0            0            0            0            0            0            0            0            0            0            0            0            0            0            0            0            0            0            0            0            0            0            0            0            0            0            0            0            0            0            0            0            0            0            0            0 
      27.724            0            0            0            0            0            0            0            0            0            0            0            0            0            0            0            0            0            0            0            0            0            0            0            0            0            0            0            0            0            0            0            0            0            0            0            0            0            0            0            0            0            0            0            0            0 
      30.599            0            0            0            0            0            0            0            0            0            0            0            0            0            0            0            0            0            0            0            0            0            0            0            0            0            0            0            0            0            0            0            0            0            0            0            0            0            0            0            0            0            0            0            0            0 
      33.773            0            0            0            0            0            0            0            0            0            0            0            0            0            0            0            0            0            0            0            0            0            0            0            0            0            0            0            0            0            0            0            0            0            0            0            0            0            0            0            0            0            0            0            0            0 
      37.276            0            0            0            0            0            0            0            0            0            0            0            0            0            0            0            0            0            0            0            0            0            0            0            0            0            0            0            0            0            0            0            0            0            0            0            0            0            0            0            0            0            0            0            0            0 
      41.142            0            0            0            0            0            0            0            0            0            0            0            0            0            0            0            0            0            0            0            0            0            0            0            0            0            0            0            0            0            0            0            0            0            0            0            0            0            0            0            0            0            0            0            0            0 
      45.409            0            0            0            0            0            0            0            0            0            0            0            0            0            0            0            0            0            0            0            0            0            0            0            0            0            0            0            0            0            0            0            0            0            0            0            0            0            0            0            0            0            0            0            0            0 
      50.119            0            0            0            0            0            0            0            0            0            0            0            0            0            0            0            0            0            0            0            0            0            0            0            0            0            0            0            0            0            0            0            0            0            0            0            0            0            0            0            0            0            0            0            0            0 
      55.317            0            0            0            0            0            0            0            0            0            0            0            0            0            0            0            0            0            0            0            0            0            0            0            0            0            0            0            0            0            0            0            0            0            0            0            0            0            0            0            0            0            0            0            0            0 
      61.054            0            0            0            0            0            0            0            0            0            0            0            0            0            0            0            0            0            0            0            0            0            0            0            0            0            0            0            0            0            0            0            0            0            0            0            0            0            0            0            0            0            0            0            0            0 
      67.386            0            0            0            0            0            0            0            0            0            0            0            0            0            0            0            0            0            0            0            0            0            0            0            0            0            0            0            0            0            0            0            0            0            0            0            0            0            0            0            0            0            0            0            0            0 
      74.375            0            0            0            0            0            0            0            0            0            0            0            0            0            0            0            0            0            0            0            0            0            0            0            0            0            0            0            0            0            0            0            0            0            0            0            0            0            0            0            0            0            0            0            0            0 
      82.089            0            0            0            0            0            0            0            0            0            0            0            0            0            0            0            0            0            0            0            0            0            0            0            0            0            0            0            0            0            0            0            0            0            0            0            0            0            0            0            0            0            0            0            0            0 
      90.603            0            0            0            0            0            0            0            0            0            0            0            0            0            0            0            0            0            0            0            0            0            0            0            0            0            0            0            0            0            0            0            0            0            0            0            0            0            0            0            0            0            0            0            0            0 
