-1.9500000E+000	 0.0000000E+000 	 0.0000000E+000 
-1.8500000E+000	 0.0000000E+000 	 0.0000000E+000 
-1.7500000E+000	 0.0000000E+000 	 0.0000000E+000 
-1.6500000E+000	 0.0000000E+000 	 0.0000000E+000 
-1.5500000E+000	 0.0000000E+000 	 0.0000000E+000 
-1.4500000E+000	 0.0000000E+000 	 0.0000000E+000 
-1.3500000E+000	 0.0000000E+000 	 0.0000000E+000 
-1.2500000E+000	 0.0000000E+000 	 0.0000000E+000 
-1.1500000E+000	 0.0000000E+000 	 0.0000000E+000 
-1.0500000E+000	 0.0000000E+000 	 0.0000000E+000 
-9.5000000E-001	 0.0000000E+000 	 0.0000000E+000 
-8.5000000E-001	 0.0000000E+000 	 0.0000000E+000 
-7.5000000E-001	 0.0000000E+000 	 0.0000000E+000 
-6.5000000E-001	 0.0000000E+000 	 0.0000000E+000 
-5.5000000E-001	 0.0000000E+000 	 0.0000000E+000 
-4.5000000E-001	 2.0535800E+007 	 1.0267900E+007 
-3.5000000E-001	 3.3753411E+008 	 5.0316615E+007 
-2.5000000E-001	 5.0775374E+008 	 6.3970958E+007 
-1.5000000E-001	 6.1036140E+008 	 6.3983260E+007 
-5.0000000E-002	 8.5070904E+008 	 8.9672607E+007 
 5.0000000E-002	 7.4931057E+008 	 7.6877642E+007 
 1.5000000E-001	 4.9248874E+008 	 5.5763369E+007 
 2.5000000E-001	 3.7324454E+008 	 5.8291004E+007 
 3.5000000E-001	 7.5552929E+007 	 1.6894149E+007 
 4.5000000E-001	 4.0058251E+007 	 1.6353712E+007 
 5.5000000E-001	 0.0000000E+000 	 0.0000000E+000 
 6.5000000E-001	 0.0000000E+000 	 0.0000000E+000 
 7.5000000E-001	 0.0000000E+000 	 0.0000000E+000 
 8.5000000E-001	 0.0000000E+000 	 0.0000000E+000 
 9.5000000E-001	 0.0000000E+000 	 0.0000000E+000 
 1.0500000E+000	 0.0000000E+000 	 0.0000000E+000 
 1.1500000E+000	 0.0000000E+000 	 0.0000000E+000 
 1.2500000E+000	 0.0000000E+000 	 0.0000000E+000 
 1.3500000E+000	 0.0000000E+000 	 0.0000000E+000 
 1.4500000E+000	 0.0000000E+000 	 0.0000000E+000 
 1.5500000E+000	 0.0000000E+000 	 0.0000000E+000 
 1.6500000E+000	 0.0000000E+000 	 0.0000000E+000 
 1.7500000E+000	 0.0000000E+000 	 0.0000000E+000 
 1.8500000E+000	 0.0000000E+000 	 0.0000000E+000 
 1.9500000E+000	 0.0000000E+000 	 0.0000000E+000 
