 1.5500084E+000	 4.3587090E-004 	 2.5165018E-004 
 1.5500251E+000	 1.5482014E-004 	 8.9385451E-005 
 1.5500418E+000	 1.3547692E-004 	 6.7738461E-005 
 1.5500585E+000	 8.9215003E-004 	 6.3084534E-004 
 1.5500753E+000	 5.5027565E-005 	 2.7513782E-005 
 1.5500920E+000	 4.5649259E-004 	 2.0414969E-004 
 1.5501087E+000	 1.3491084E-004 	 6.7455422E-005 
 1.5501254E+000	 0.0000000E+000 	 0.0000000E+000 
 1.5501421E+000	 7.5365100E-004 	 3.3704297E-004 
 1.5501589E+000	 2.7625181E-004 	 2.7625181E-004 
 1.5501756E+000	 8.1961329E-004 	 8.1961329E-004 
 1.5501923E+000	 3.4325178E-003 	 1.5350686E-003 
 1.5502090E+000	 1.4131268E-004 	 8.1586916E-005 
 1.5502258E+000	 1.1608883E-004 	 6.7023916E-005 
 1.5502425E+000	 9.6827353E-005 	 9.6827353E-005 
 1.5502592E+000	 2.9020195E-005 	 1.6754817E-005 
 1.5502759E+000	 7.5010288E-004 	 3.7505144E-004 
 1.5502926E+000	 0.0000000E+000 	 0.0000000E+000 
 1.5503094E+000	 6.9665472E-005 	 3.4832736E-005 
 1.5503261E+000	 3.6140711E-005 	 1.8070356E-005 
 1.5503428E+000	 5.1508298E-005 	 2.9738330E-005 
 1.5503595E+000	 1.1949207E-004 	 6.8988781E-005 
 1.5503763E+000	 4.6967537E-007 	 4.6967537E-007 
 1.5503930E+000	 2.6960977E-005 	 1.5565927E-005 
 1.5504097E+000	 3.4757789E-004 	 3.4757789E-004 
 1.5504264E+000	 8.4458290E-004 	 5.9721030E-004 
 1.5504431E+000	 2.1720638E-004 	 1.0860319E-004 
 1.5504599E+000	 3.0633036E-004 	 2.1660827E-004 
 1.5504766E+000	 1.5903894E-003 	 5.0292527E-004 
 1.5504933E+000	 2.2225979E-003 	 9.9397599E-004 
 1.5505100E+000	 8.1764477E-005 	 3.6566186E-005 
 1.5505268E+000	 8.6231002E-005 	 4.3115501E-005 
 1.5505435E+000	 3.7692731E-003 	 1.8846366E-003 
 1.5505602E+000	 2.2689336E-004 	 9.2628828E-005 
 1.5505769E+000	 6.2148334E-004 	 2.7793580E-004 
 1.5505936E+000	 2.5040785E-004 	 1.7706509E-004 
 1.5506104E+000	 5.1386889E-005 	 1.9422418E-005 
 1.5506271E+000	 8.8189899E-005 	 8.8189899E-005 
 1.5506438E+000	 4.6722632E-006 	 4.6722632E-006 
 1.5506605E+000	 2.2966147E-004 	 1.0270773E-004 
 1.5506773E+000	 3.8358914E-003 	 1.9179457E-003 
 1.5506940E+000	 4.5602291E-004 	 2.0393964E-004 
 1.5507107E+000	 1.8520560E-004 	 8.2826462E-005 
 1.5507274E+000	 8.5880393E-006 	 4.2940197E-006 
 1.5507441E+000	 2.1273835E-005 	 1.5042873E-005 
 1.5507609E+000	 6.3734646E-005 	 3.6797215E-005 
 1.5507776E+000	 2.5424855E-004 	 2.5424855E-004 
 1.5507943E+000	 6.0956168E-005 	 3.5193060E-005 
 1.5508110E+000	 5.4643988E-007 	 5.4643988E-007 
 1.5508278E+000	 3.8221568E-003 	 2.7026730E-003 
 1.5508445E+000	 2.6607114E-004 	 1.5361625E-004 
 1.5508612E+000	 5.0789975E-005 	 2.5394988E-005 
 1.5508779E+000	 1.5701776E-003 	 9.0654248E-004 
 1.5508946E+000	 0.0000000E+000 	 0.0000000E+000 
 1.5509114E+000	 1.5172796E-005 	 8.7600179E-006 
 1.5509281E+000	 2.9477761E-004 	 1.7018993E-004 
 1.5509448E+000	 1.0077350E-004 	 5.8181606E-005 
 1.5509615E+000	 3.2687089E-006 	 3.2687089E-006 
 1.5509783E+000	 0.0000000E+000 	 0.0000000E+000 
 1.5509950E+000	 1.3285331E-004 	 5.0213833E-005 
 1.5510117E+000	 2.3568318E-004 	 1.6665318E-004 
 1.5510284E+000	 9.0778090E-001 	 4.5389045E-001 
 1.5510452E+000	 4.5886222E-005 	 3.2446459E-005 
 1.5510619E+000	 1.1997666E-004 	 5.3655193E-005 
 1.5510786E+000	 6.8533976E-001 	 2.7978879E-001 
 1.5510953E+000	 2.4819496E-003 	 1.7550034E-003 
 1.5511120E+000	 1.3504221E-005 	 9.5489266E-006 
 1.5511288E+000	 8.3703753E-005 	 4.8326384E-005 
 1.5511455E+000	 6.5551559E-005 	 4.6351952E-005 
 1.5511622E+000	 1.5185628E-003 	 7.5928141E-004 
 1.5511789E+000	 9.5301228E-005 	 4.2620005E-005 
 1.5511957E+000	 6.9362354E-004 	 2.6216506E-004 
 1.5512124E+000	 7.0530563E-004 	 4.9872640E-004 
 1.5512291E+000	 4.9447958E-004 	 2.8548792E-004 
 1.5512458E+000	 6.7891855E-006 	 6.7891855E-006 
 1.5512625E+000	 2.7299541E-005 	 1.5761397E-005 
 1.5512793E+000	 6.1209658E-005 	 4.3281764E-005 
 1.5512960E+000	 6.8558202E-003 	 4.8477970E-003 
 1.5513127E+000	 1.2929868E-001 	 6.4649339E-002 
 1.5513294E+000	 2.1821674E-005 	 1.2598749E-005 
 1.5513462E+000	 4.0455598E-003 	 2.0227799E-003 
 1.5513629E+000	 1.3603051E-007 	 1.3603051E-007 
 1.5513796E+000	 1.4004899E-002 	 7.0024495E-003 
 1.5513963E+000	 5.3311642E-006 	 3.7697023E-006 
 1.5514130E+000	 3.1225443E-003 	 1.5612721E-003 
 1.5514298E+000	 2.1568468E-005 	 2.1568468E-005 
 1.5514465E+000	 3.1346855E-004 	 1.5673428E-004 
 1.5514632E+000	 5.4766206E-004 	 2.7383103E-004 
 1.5514799E+000	 1.0226945E-004 	 5.9045292E-005 
 1.5514967E+000	 1.2726638E-006 	 1.2726638E-006 
 1.5515134E+000	 9.7972731E-005 	 6.9277183E-005 
 1.5515301E+000	 7.7634238E-006 	 7.7634238E-006 
 1.5515468E+000	 1.5667378E-005 	 9.0455652E-006 
 1.5515635E+000	 6.0298320E-002 	 4.2637351E-002 
 1.5515803E+000	 7.1899208E-006 	 7.1899208E-006 
 1.5515970E+000	 9.7691232E-005 	 4.3688847E-005 
 1.5516137E+000	 7.9465267E-006 	 7.9465267E-006 
 1.5516304E+000	 2.3286139E-005 	 1.1643069E-005 
 1.5516472E+000	 5.3723373E-006 	 3.7988162E-006 
 1.5516639E+000	 5.8806107E-005 	 5.8806107E-005 
 1.5516806E+000	 9.8079720E-006 	 6.9352835E-006 
 1.5516973E+000	 5.2246639E-004 	 3.0164611E-004 
 1.5517140E+000	 2.1166641E-004 	 1.2220566E-004 
 1.5517308E+000	 2.4029597E-005 	 1.3873494E-005 
 1.5517475E+000	 5.2788109E-003 	 3.7326830E-003 
 1.5517642E+000	 5.2765480E-002 	 3.7310829E-002 
 1.5517809E+000	 6.2222950E-003 	 2.3518064E-003 
 1.5517977E+000	 2.8931061E-007 	 2.8931061E-007 
 1.5518144E+000	 1.3678889E-004 	 1.3678889E-004 
 1.5518311E+000	 7.9579669E-005 	 5.6271323E-005 
 1.5518478E+000	 1.7848524E-004 	 7.9821026E-005 
 1.5518645E+000	 1.6600164E-007 	 1.6600164E-007 
 1.5518813E+000	 5.6580617E-006 	 4.0008538E-006 
 1.5518980E+000	 1.1194566E-002 	 6.4631856E-003 
 1.5519147E+000	 5.0717112E-004 	 5.0717112E-004 
 1.5519314E+000	 7.8919132E-005 	 5.5804253E-005 
 1.5519482E+000	 8.9418081E-003 	 8.9418081E-003 
 1.5519649E+000	 1.9969089E-004 	 1.4120278E-004 
 1.5519816E+000	 1.1733783E-005 	 8.2970373E-006 
 1.5519983E+000	 7.7817505E-006 	 4.4927958E-006 
 1.5520151E+000	 5.0241324E-004 	 2.5120662E-004 
 1.5520318E+000	 1.0740271E-005 	 7.5945187E-006 
 1.5520485E+000	 4.4483136E-004 	 3.1454327E-004 
 1.5520652E+000	 9.5712640E-008 	 9.5712640E-008 
 1.5520819E+000	 2.4912810E-004 	 1.1141347E-004 
 1.5520987E+000	 8.2720604E-004 	 5.8492300E-004 
 1.5521154E+000	 2.4521341E-005 	 2.4521341E-005 
 1.5521321E+000	 1.1060775E-002 	 1.1060775E-002 
 1.5521488E+000	 8.6553636E-003 	 3.8707963E-003 
 1.5521656E+000	 4.2575574E-006 	 2.4581019E-006 
 1.5521823E+000	 5.7034776E-004 	 4.0329677E-004 
 1.5521990E+000	 7.3943417E-005 	 5.2285892E-005 
 1.5522157E+000	 1.4641890E-003 	 7.3209451E-004 
 1.5522324E+000	 1.6741475E-005 	 1.6741475E-005 
 1.5522492E+000	 8.5105266E-004 	 4.2552633E-004 
 1.5522659E+000	 1.4134967E-002 	 9.9949312E-003 
 1.5522826E+000	 0.0000000E+000 	 0.0000000E+000 
 1.5522993E+000	 2.4351750E-001 	 1.7219288E-001 
 1.5523161E+000	 8.5773443E-003 	 6.0650983E-003 
 1.5523328E+000	 3.1325079E-005 	 1.8085543E-005 
 1.5523495E+000	 2.0363059E-007 	 1.4398857E-007 
 1.5523662E+000	 4.1307821E-005 	 2.3849081E-005 
 1.5523829E+000	 6.1333614E-005 	 4.3369415E-005 
 1.5523997E+000	 4.5644678E-004 	 4.5644678E-004 
 1.5524164E+000	 3.9378256E-005 	 2.2735047E-005 
 1.5524331E+000	 1.9482381E-003 	 1.1248158E-003 
 1.5524498E+000	 3.8795476E-003 	 3.8795476E-003 
 1.5524666E+000	 7.6433731E-006 	 7.6433731E-006 
 1.5524833E+000	 0.0000000E+000 	 0.0000000E+000 
 1.5525000E+000	 2.2072833E-004 	 1.2743756E-004 
 1.5525167E+000	 0.0000000E+000 	 0.0000000E+000 
 1.5525334E+000	 1.3498740E-005 	 1.3498740E-005 
 1.5525502E+000	 2.1957582E-003 	 1.2677216E-003 
 1.5525669E+000	 0.0000000E+000 	 0.0000000E+000 
 1.5525836E+000	 2.4248602E-005 	 1.7146351E-005 
 1.5526003E+000	 2.6819369E-004 	 1.8964157E-004 
 1.5526171E+000	 2.0519340E-004 	 1.4509364E-004 
 1.5526338E+000	 1.7476467E-005 	 1.7476467E-005 
 1.5526505E+000	 2.9231969E-002 	 2.0670124E-002 
 1.5526672E+000	 1.8777139E-006 	 1.8777139E-006 
 1.5526839E+000	 2.8458699E-006 	 2.8458699E-006 
 1.5527007E+000	 3.4737747E-004 	 2.0055848E-004 
 1.5527174E+000	 1.1858967E-005 	 6.8467778E-006 
 1.5527341E+000	 2.6093740E-003 	 1.8451061E-003 
 1.5527508E+000	 4.6140017E-003 	 1.8836583E-003 
 1.5527676E+000	 1.8223817E-004 	 9.1119084E-005 
 1.5527843E+000	 1.0185262E-004 	 3.8496673E-005 
 1.5528010E+000	 2.5742776E-005 	 2.5742776E-005 
 1.5528177E+000	 1.7797248E-005 	 1.0275246E-005 
 1.5528344E+000	 6.9988592E-005 	 2.8572723E-005 
 1.5528512E+000	 6.5353487E-002 	 6.5353487E-002 
 1.5528679E+000	 5.5552209E-004 	 3.9281343E-004 
 1.5528846E+000	 2.6752331E-004 	 1.0921593E-004 
 1.5529013E+000	 1.3235161E-002 	 6.6175805E-003 
 1.5529181E+000	 1.2492836E-002 	 7.2127423E-003 
 1.5529348E+000	 3.1613687E-004 	 2.2354252E-004 
 1.5529515E+000	 1.0781469E-003 	 4.4015162E-004 
 1.5529682E+000	 3.1773306E-005 	 2.2467120E-005 
 1.5529849E+000	 4.3006585E-006 	 3.0410248E-006 
 1.5530017E+000	 1.5358724E-004 	 1.0860258E-004 
 1.5530184E+000	 1.1001835E-004 	 6.3519126E-005 
 1.5530351E+000	 8.5605410E-007 	 8.5605410E-007 
 1.5530518E+000	 2.4362972E-007 	 2.4362972E-007 
 1.5530686E+000	 1.1699232E-004 	 1.1699232E-004 
 1.5530853E+000	 3.4573936E-005 	 1.9961271E-005 
 1.5531020E+000	 0.0000000E+000 	 0.0000000E+000 
 1.5531187E+000	 1.0065553E-005 	 1.0065553E-005 
 1.5531355E+000	 1.2733648E-001 	 5.6946607E-002 
 1.5531522E+000	 4.3376069E-007 	 4.3376069E-007 
 1.5531689E+000	 4.8544901E-007 	 4.8544901E-007 
 1.5531856E+000	 1.4388938E-005 	 1.4388938E-005 
 1.5532023E+000	 4.2061789E-005 	 2.9742176E-005 
 1.5532191E+000	 9.2749808E-004 	 6.5584018E-004 
 1.5532358E+000	 2.5919586E-006 	 2.5919586E-006 
 1.5532525E+000	 0.0000000E+000 	 0.0000000E+000 
 1.5532692E+000	 8.1056664E-005 	 5.7315717E-005 
 1.5532860E+000	 2.2331029E-003 	 1.5790422E-003 
 1.5533027E+000	 3.5981815E-003 	 2.0774110E-003 
 1.5533194E+000	 6.9538343E-006 	 3.4769171E-006 
 1.5533361E+000	 9.6969789E-004 	 6.8567996E-004 
 1.5533528E+000	 1.2847170E-005 	 9.0843209E-006 
 1.5533696E+000	 9.3783543E-006 	 9.3783543E-006 
 1.5533863E+000	 0.0000000E+000 	 0.0000000E+000 
 1.5534030E+000	 1.6027895E-007 	 1.6027895E-007 
 1.5534197E+000	 0.0000000E+000 	 0.0000000E+000 
 1.5534365E+000	 4.3249981E-006 	 4.3249981E-006 
 1.5534532E+000	 7.7796089E-004 	 4.4915593E-004 
 1.5534699E+000	 8.6049090E-006 	 6.0845895E-006 
 1.5534866E+000	 1.9089530E-005 	 1.3498336E-005 
 1.5535033E+000	 9.4122781E-007 	 9.4122781E-007 
 1.5535201E+000	 8.9442889E-002 	 5.1639876E-002 
 1.5535368E+000	 3.2826075E-005 	 1.8952143E-005 
 1.5535535E+000	 6.0182041E-005 	 4.2555130E-005 
 1.5535702E+000	 0.0000000E+000 	 0.0000000E+000 
 1.5535870E+000	 6.5466339E-005 	 4.6291692E-005 
 1.5536037E+000	 6.6514864E+000 	 4.7033111E+000 
 1.5536204E+000	 4.0396840E-004 	 4.0396840E-004 
 1.5536371E+000	 2.9781155E-005 	 2.1058457E-005 
 1.5536538E+000	 1.4469860E-005 	 1.0231736E-005 
 1.5536706E+000	 0.0000000E+000 	 0.0000000E+000 
 1.5536873E+000	 2.0712436E-007 	 2.0712436E-007 
 1.5537040E+000	 5.3368263E-003 	 2.6684131E-003 
 1.5537207E+000	 6.8184608E-006 	 6.8184608E-006 
 1.5537375E+000	 2.0892910E-005 	 1.2062527E-005 
 1.5537542E+000	 4.5750901E-004 	 2.2875450E-004 
 1.5537709E+000	 2.3539332E-006 	 2.3539332E-006 
 1.5537876E+000	 1.3250330E-006 	 1.3250330E-006 
 1.5538043E+000	 5.3702689E-006 	 3.7973535E-006 
 1.5538211E+000	 1.8720121E-006 	 1.3237125E-006 
 1.5538378E+000	 1.5032794E-003 	 1.5032794E-003 
 1.5538545E+000	 4.2988936E-005 	 3.0397768E-005 
 1.5538712E+000	 2.3901407E-006 	 2.3901407E-006 
 1.5538880E+000	 4.0166108E-006 	 4.0166108E-006 
 1.5539047E+000	 7.3803261E-007 	 7.3803261E-007 
 1.5539214E+000	 0.0000000E+000 	 0.0000000E+000 
 1.5539381E+000	 1.3217926E-006 	 9.3464854E-007 
 1.5539548E+000	 1.9333370E-004 	 1.1162127E-004 
 1.5539716E+000	 3.3654885E-003 	 1.9430657E-003 
 1.5539883E+000	 2.5797194E-006 	 2.5797194E-006 
 1.5540050E+000	 4.3858114E-006 	 4.3858114E-006 
 1.5540217E+000	 7.2941216E-004 	 3.6470608E-004 
 1.5540385E+000	 2.8658764E-006 	 2.8658764E-006 
 1.5540552E+000	 2.0823198E-005 	 2.0823198E-005 
 1.5540719E+000	 0.0000000E+000 	 0.0000000E+000 
 1.5540886E+000	 8.5350399E-003 	 4.9277076E-003 
 1.5541054E+000	 2.1450656E-005 	 2.1450656E-005 
 1.5541221E+000	 2.1451493E-004 	 9.5933993E-005 
 1.5541388E+000	 2.4698894E-006 	 2.4698894E-006 
 1.5541555E+000	 7.4324061E-007 	 5.2555048E-007 
 1.5541722E+000	 0.0000000E+000 	 0.0000000E+000 
 1.5541890E+000	 1.1605213E-005 	 6.7002727E-006 
 1.5542057E+000	 0.0000000E+000 	 0.0000000E+000 
 1.5542224E+000	 0.0000000E+000 	 0.0000000E+000 
 1.5542391E+000	 1.8542360E-004 	 1.8542360E-004 
 1.5542559E+000	 0.0000000E+000 	 0.0000000E+000 
 1.5542726E+000	 2.2802864E-005 	 2.2802864E-005 
 1.5542893E+000	 4.5330640E-006 	 3.2053603E-006 
 1.5543060E+000	 0.0000000E+000 	 0.0000000E+000 
 1.5543227E+000	 6.4485812E-005 	 6.4485812E-005 
 1.5543395E+000	 0.0000000E+000 	 0.0000000E+000 
 1.5543562E+000	 0.0000000E+000 	 0.0000000E+000 
 1.5543729E+000	 1.0645134E-007 	 1.0645134E-007 
 1.5543896E+000	 1.2646215E-005 	 7.3012957E-006 
 1.5544064E+000	 6.2321968E-007 	 4.4068286E-007 
 1.5544231E+000	 0.0000000E+000 	 0.0000000E+000 
 1.5544398E+000	 0.0000000E+000 	 0.0000000E+000 
 1.5544565E+000	 2.4539909E-004 	 1.7352336E-004 
 1.5544732E+000	 0.0000000E+000 	 0.0000000E+000 
 1.5544900E+000	 0.0000000E+000 	 0.0000000E+000 
 1.5545067E+000	 4.7427075E-008 	 4.7427075E-008 
 1.5545234E+000	 6.1048761E-006 	 3.5246518E-006 
 1.5545401E+000	 2.5691605E-005 	 1.8166708E-005 
 1.5545569E+000	 1.3710480E-005 	 7.9157496E-006 
 1.5545736E+000	 4.0989106E-007 	 4.0989106E-007 
 1.5545903E+000	 0.0000000E+000 	 0.0000000E+000 
 1.5546070E+000	 7.1483052E-005 	 5.0546151E-005 
 1.5546237E+000	 3.3897995E-006 	 3.3897995E-006 
 1.5546405E+000	 0.0000000E+000 	 0.0000000E+000 
 1.5546572E+000	 2.4435723E-007 	 2.4435723E-007 
 1.5546739E+000	 1.7740661E-005 	 1.7740661E-005 
 1.5546906E+000	 2.3144547E-004 	 1.3362510E-004 
 1.5547074E+000	 6.2834556E-005 	 4.4430741E-005 
 1.5547241E+000	 4.4388107E-006 	 4.4388107E-006 
 1.5547408E+000	 0.0000000E+000 	 0.0000000E+000 
 1.5547575E+000	 7.9251260E-005 	 5.6039104E-005 
 1.5547742E+000	 1.8892914E-003 	 1.8892914E-003 
 1.5547910E+000	 2.1022741E-006 	 1.4865323E-006 
 1.5548077E+000	 3.9298281E-006 	 2.7788081E-006 
 1.5548244E+000	 0.0000000E+000 	 0.0000000E+000 
 1.5548411E+000	 0.0000000E+000 	 0.0000000E+000 
 1.5548579E+000	 3.5434309E-004 	 2.5055840E-004 
 1.5548746E+000	 1.5007372E-007 	 1.5007372E-007 
 1.5548913E+000	 2.2382594E-005 	 1.5826884E-005 
 1.5549080E+000	 0.0000000E+000 	 0.0000000E+000 
 1.5549247E+000	 5.7939673E-005 	 2.5911410E-005 
 1.5549415E+000	 2.8003901E-005 	 1.6168060E-005 
 1.5549582E+000	 3.5610505E-004 	 2.0559735E-004 
 1.5549749E+000	 0.0000000E+000 	 0.0000000E+000 
 1.5549916E+000	 1.2154082E-007 	 1.2154082E-007 
