 1.2303500E+000	 1.3199667E+002 	 4.3236948E+000 
 1.2310500E+000	 1.4355782E+002 	 4.6188973E+000 
 1.2317500E+000	 1.5316802E+002 	 4.8729237E+000 
 1.2324500E+000	 1.5424347E+002 	 5.0122392E+000 
 1.2331500E+000	 1.5349890E+002 	 5.1309023E+000 
 1.2338500E+000	 1.9013642E+002 	 5.8427505E+000 
 1.2345500E+000	 1.8365518E+002 	 5.8816730E+000 
 1.2352500E+000	 1.9347024E+002 	 6.2803097E+000 
 1.2359500E+000	 2.2011760E+002 	 6.8887734E+000 
 1.2366500E+000	 2.1558102E+002 	 6.9687446E+000 
 1.2373500E+000	 2.2650660E+002 	 7.3411211E+000 
 1.2380500E+000	 2.4833534E+002 	 7.8452118E+000 
 1.2387500E+000	 2.4038002E+002 	 7.8823713E+000 
 1.2394500E+000	 2.4470489E+002 	 8.0285069E+000 
 1.2401500E+000	 2.6684805E+002 	 8.5547558E+000 
 1.2408500E+000	 2.6941660E+002 	 8.7364317E+000 
 1.2415500E+000	 2.8376657E+002 	 9.2260469E+000 
 1.2422500E+000	 3.0446566E+002 	 9.9305749E+000 
 1.2429500E+000	 3.4958347E+002 	 1.0929822E+001 
 1.2436500E+000	 3.6536195E+002 	 1.1617834E+001 
 1.2443500E+000	 4.1668241E+002 	 1.3124262E+001 
 1.2450500E+000	 4.4621586E+002 	 1.4145994E+001 
 1.2457500E+000	 4.9353739E+002 	 1.5805846E+001 
 1.2464500E+000	 5.1210016E+002 	 1.6810511E+001 
 1.2471500E+000	 5.7699096E+002 	 1.8759594E+001 
 1.2478500E+000	 6.4363480E+002 	 2.0676529E+001 
 1.2485500E+000	 6.7884554E+002 	 2.2059516E+001 
 1.2492500E+000	 7.5851236E+002 	 2.4430038E+001 
 1.2499500E+000	 7.4539838E+002 	 2.5070460E+001 
 1.2506500E+000	 9.2673273E+002 	 2.9513183E+001 
 1.2513500E+000	 9.4953506E+002 	 3.1170015E+001 
 1.2520500E+000	 1.0731359E+003 	 3.4509725E+001 
 1.2527500E+000	 1.2298207E+003 	 3.8987936E+001 
 1.2534500E+000	 1.3766475E+003 	 4.3168034E+001 
 1.2541500E+000	 1.4295259E+003 	 4.5946703E+001 
 1.2548500E+000	 1.6638239E+003 	 5.2483685E+001 
 1.2555500E+000	 1.7984712E+003 	 5.7245968E+001 
 1.2562500E+000	 1.9076084E+003 	 6.1439929E+001 
 1.2569500E+000	 2.1358723E+003 	 6.7745756E+001 
 1.2576500E+000	 2.3752943E+003 	 7.5953537E+001 
 1.2583500E+000	 2.6669177E+003 	 8.5148128E+001 
 1.2590500E+000	 3.0715247E+003 	 9.7130138E+001 
 1.2597500E+000	 3.5597865E+003 	 1.0964874E+002 
 1.2604500E+000	 3.7555457E+003 	 1.1972242E+002 
 1.2611500E+000	 3.9572989E+003 	 1.2818948E+002 
 1.2618500E+000	 4.8407622E+003 	 1.5017788E+002 
 1.2625500E+000	 5.5737101E+003 	 1.7392386E+002 
 1.2632500E+000	 5.9051659E+003 	 1.8748920E+002 
 1.2639500E+000	 6.6735592E+003 	 2.1296183E+002 
 1.2646500E+000	 7.5941930E+003 	 2.3979005E+002 
 1.2653500E+000	 8.6581286E+003 	 2.7257025E+002 
 1.2660500E+000	 9.7345067E+003 	 3.1079888E+002 
 1.2667500E+000	 1.1424634E+004 	 3.5736898E+002 
 1.2674500E+000	 1.1551081E+004 	 3.8228498E+002 
 1.2681500E+000	 1.2297319E+004 	 4.0832576E+002 
 1.2688500E+000	 1.1521643E+004 	 4.1307091E+002 
 1.2695500E+000	 1.2134131E+004 	 4.3928502E+002 
 1.2702500E+000	 1.1525545E+004 	 4.4198447E+002 
 1.2709500E+000	 8.4621353E+003 	 3.8826940E+002 
 1.2716500E+000	 7.1822237E+003 	 3.6604001E+002 
 1.2723500E+000	 5.5727036E+003 	 3.2837471E+002 
 1.2730500E+000	 4.0541684E+003 	 2.8595899E+002 
 1.2737500E+000	 2.5671563E+003 	 2.3434824E+002 
 1.2744500E+000	 1.4098377E+003 	 1.7486885E+002 
 1.2751500E+000	 4.4097167E+002 	 1.0116584E+002 
 1.2758500E+000	 1.1612676E+002 	 5.1933468E+001 
 1.2765500E+000	 0.0000000E+000 	 0.0000000E+000 
 1.2772500E+000	 0.0000000E+000 	 0.0000000E+000 
 1.2779500E+000	 0.0000000E+000 	 0.0000000E+000 
 1.2786500E+000	 0.0000000E+000 	 0.0000000E+000 
 1.2793500E+000	 0.0000000E+000 	 0.0000000E+000 
 1.2800500E+000	 0.0000000E+000 	 0.0000000E+000 
 1.2807500E+000	 0.0000000E+000 	 0.0000000E+000 
 1.2814500E+000	 0.0000000E+000 	 0.0000000E+000 
 1.2821500E+000	 0.0000000E+000 	 0.0000000E+000 
 1.2828500E+000	 0.0000000E+000 	 0.0000000E+000 
 1.2835500E+000	 0.0000000E+000 	 0.0000000E+000 
 1.2842500E+000	 0.0000000E+000 	 0.0000000E+000 
 1.2849500E+000	 0.0000000E+000 	 0.0000000E+000 
 1.2856500E+000	 0.0000000E+000 	 0.0000000E+000 
 1.2863500E+000	 0.0000000E+000 	 0.0000000E+000 
 1.2870500E+000	 0.0000000E+000 	 0.0000000E+000 
 1.2877500E+000	 0.0000000E+000 	 0.0000000E+000 
 1.2884500E+000	 0.0000000E+000 	 0.0000000E+000 
 1.2891500E+000	 0.0000000E+000 	 0.0000000E+000 
 1.2898500E+000	 0.0000000E+000 	 0.0000000E+000 
 1.2905500E+000	 0.0000000E+000 	 0.0000000E+000 
 1.2912500E+000	 0.0000000E+000 	 0.0000000E+000 
 1.2919500E+000	 0.0000000E+000 	 0.0000000E+000 
 1.2926500E+000	 0.0000000E+000 	 0.0000000E+000 
 1.2933500E+000	 0.0000000E+000 	 0.0000000E+000 
 1.2940500E+000	 0.0000000E+000 	 0.0000000E+000 
 1.2947500E+000	 0.0000000E+000 	 0.0000000E+000 
 1.2954500E+000	 0.0000000E+000 	 0.0000000E+000 
 1.2961500E+000	 0.0000000E+000 	 0.0000000E+000 
 1.2968500E+000	 0.0000000E+000 	 0.0000000E+000 
 1.2975500E+000	 0.0000000E+000 	 0.0000000E+000 
 1.2982500E+000	 0.0000000E+000 	 0.0000000E+000 
 1.2989500E+000	 0.0000000E+000 	 0.0000000E+000 
 1.2996500E+000	 0.0000000E+000 	 0.0000000E+000 
