 3.7002500E+000	 1.6933437E+002 	 6.1627088E+000 
 3.7007500E+000	 2.4107645E+002 	 8.0718366E+000 
 3.7012500E+000	 2.3376848E+002 	 7.8315389E+000 
 3.7017500E+000	 2.7539318E+002 	 8.6913316E+000 
 3.7022500E+000	 3.6153769E+002 	 1.1047368E+001 
 3.7027500E+000	 4.1968322E+002 	 1.2818116E+001 
 3.7032500E+000	 4.2667083E+002 	 1.2732189E+001 
 3.7037500E+000	 4.9888378E+002 	 1.4585001E+001 
 3.7042500E+000	 6.3136153E+002 	 1.8009521E+001 
 3.7047500E+000	 7.4753750E+002 	 2.0709079E+001 
 3.7052500E+000	 8.1018929E+002 	 2.2557535E+001 
 3.7057500E+000	 1.0406899E+003 	 2.7933581E+001 
 3.7062500E+000	 1.3736427E+003 	 3.5682041E+001 
 3.7067500E+000	 1.2363394E+003 	 3.2614394E+001 
 3.7072500E+000	 1.6389642E+003 	 4.1456245E+001 
 3.7077500E+000	 1.7362806E+003 	 4.4374383E+001 
 3.7082500E+000	 1.9873022E+003 	 4.9996014E+001 
 3.7087500E+000	 2.1489263E+003 	 5.4635682E+001 
 3.7092500E+000	 2.4289942E+003 	 6.0781865E+001 
 3.7097500E+000	 2.9970045E+003 	 7.5278814E+001 
 3.7102500E+000	 2.9764693E+003 	 7.4810223E+001 
 3.7107500E+000	 3.4400526E+003 	 8.4356578E+001 
 3.7112500E+000	 3.4205651E+003 	 8.4516385E+001 
 3.7117500E+000	 3.3819872E+003 	 8.4444191E+001 
 3.7122500E+000	 3.7428168E+003 	 9.2563484E+001 
 3.7127500E+000	 3.7736308E+003 	 9.4726382E+001 
 3.7132500E+000	 4.4751807E+003 	 1.1216027E+002 
 3.7137500E+000	 4.2546880E+003 	 1.1108429E+002 
 3.7142500E+000	 4.3780946E+003 	 1.1525293E+002 
 3.7147500E+000	 4.7088384E+003 	 1.2256617E+002 
 3.7152500E+000	 4.8445148E+003 	 1.2657020E+002 
 3.7157500E+000	 4.6463985E+003 	 1.2857155E+002 
 3.7162500E+000	 5.1852248E+003 	 1.4175538E+002 
 3.7167500E+000	 4.8881934E+003 	 1.3631006E+002 
 3.7172500E+000	 4.9845612E+003 	 1.4288336E+002 
 3.7177500E+000	 5.5142486E+003 	 1.5540804E+002 
 3.7182500E+000	 5.1860851E+003 	 1.5065393E+002 
 3.7187500E+000	 5.4869511E+003 	 1.6366203E+002 
 3.7192500E+000	 5.5698468E+003 	 1.6956356E+002 
 3.7197500E+000	 5.2446541E+003 	 1.6397553E+002 
 3.7202500E+000	 5.0530514E+003 	 1.6182716E+002 
 3.7207500E+000	 4.8911831E+003 	 1.5970279E+002 
 3.7212500E+000	 4.8184193E+003 	 1.6497954E+002 
 3.7217500E+000	 4.6728782E+003 	 1.6084710E+002 
 3.7222500E+000	 5.0499787E+003 	 1.7843222E+002 
 3.7227500E+000	 4.5430676E+003 	 1.6666898E+002 
 3.7232500E+000	 4.8416415E+003 	 1.8273598E+002 
 3.7237500E+000	 4.3863495E+003 	 1.7257861E+002 
 3.7242500E+000	 4.3961798E+003 	 1.7887802E+002 
 3.7247500E+000	 3.9224678E+003 	 1.6879614E+002 
 3.7252500E+000	 3.7530600E+003 	 1.6684387E+002 
 3.7257500E+000	 3.2601147E+003 	 1.5776801E+002 
 3.7262500E+000	 3.2400498E+003 	 1.6080097E+002 
 3.7267500E+000	 3.2210336E+003 	 1.6633346E+002 
 3.7272500E+000	 2.6158673E+003 	 1.4881149E+002 
 3.7277500E+000	 2.4255956E+003 	 1.4317838E+002 
 3.7282500E+000	 2.5540461E+003 	 1.5748923E+002 
 3.7287500E+000	 2.0200828E+003 	 1.3776850E+002 
 3.7292500E+000	 1.9999826E+003 	 1.4824858E+002 
 3.7297500E+000	 2.2003327E+003 	 1.5879533E+002 
 3.7302500E+000	 1.7676228E+003 	 1.4480930E+002 
 3.7307500E+000	 1.5866976E+003 	 1.4484501E+002 
 3.7312500E+000	 1.1378562E+003 	 1.1799019E+002 
 3.7317500E+000	 9.7361418E+002 	 1.1636915E+002 
 3.7322500E+000	 7.0122951E+002 	 1.0017564E+002 
 3.7327500E+000	 4.8448694E+002 	 8.5645999E+001 
 3.7332500E+000	 4.8621231E+002 	 8.4638700E+001 
 3.7337500E+000	 3.4213649E+002 	 7.6504045E+001 
 3.7342500E+000	 2.7913375E+002 	 6.9783439E+001 
 3.7347500E+000	 1.5246318E+002 	 5.3903874E+001 
 3.7352500E+000	 1.0244443E+002 	 4.5814544E+001 
 3.7357500E+000	 4.5962102E+001 	 3.2500114E+001 
 3.7362500E+000	 0.0000000E+000 	 0.0000000E+000 
 3.7367500E+000	 0.0000000E+000 	 0.0000000E+000 
 3.7372500E+000	 0.0000000E+000 	 0.0000000E+000 
 3.7377500E+000	 0.0000000E+000 	 0.0000000E+000 
 3.7382500E+000	 0.0000000E+000 	 0.0000000E+000 
 3.7387500E+000	 0.0000000E+000 	 0.0000000E+000 
 3.7392500E+000	 0.0000000E+000 	 0.0000000E+000 
 3.7397500E+000	 0.0000000E+000 	 0.0000000E+000 
 3.7402500E+000	 0.0000000E+000 	 0.0000000E+000 
 3.7407500E+000	 0.0000000E+000 	 0.0000000E+000 
 3.7412500E+000	 0.0000000E+000 	 0.0000000E+000 
 3.7417500E+000	 0.0000000E+000 	 0.0000000E+000 
 3.7422500E+000	 0.0000000E+000 	 0.0000000E+000 
 3.7427500E+000	 0.0000000E+000 	 0.0000000E+000 
 3.7432500E+000	 0.0000000E+000 	 0.0000000E+000 
 3.7437500E+000	 0.0000000E+000 	 0.0000000E+000 
 3.7442500E+000	 0.0000000E+000 	 0.0000000E+000 
 3.7447500E+000	 0.0000000E+000 	 0.0000000E+000 
 3.7452500E+000	 0.0000000E+000 	 0.0000000E+000 
 3.7457500E+000	 0.0000000E+000 	 0.0000000E+000 
 3.7462500E+000	 0.0000000E+000 	 0.0000000E+000 
 3.7467500E+000	 0.0000000E+000 	 0.0000000E+000 
 3.7472500E+000	 0.0000000E+000 	 0.0000000E+000 
 3.7477500E+000	 0.0000000E+000 	 0.0000000E+000 
 3.7482500E+000	 0.0000000E+000 	 0.0000000E+000 
 3.7487500E+000	 0.0000000E+000 	 0.0000000E+000 
 3.7492500E+000	 0.0000000E+000 	 0.0000000E+000 
 3.7497500E+000	 0.0000000E+000 	 0.0000000E+000 
 3.7502500E+000	 0.0000000E+000 	 0.0000000E+000 
 3.7507500E+000	 0.0000000E+000 	 0.0000000E+000 
 3.7512500E+000	 0.0000000E+000 	 0.0000000E+000 
 3.7517500E+000	 0.0000000E+000 	 0.0000000E+000 
 3.7522500E+000	 0.0000000E+000 	 0.0000000E+000 
 3.7527500E+000	 0.0000000E+000 	 0.0000000E+000 
 3.7532500E+000	 0.0000000E+000 	 0.0000000E+000 
 3.7537500E+000	 0.0000000E+000 	 0.0000000E+000 
 3.7542500E+000	 0.0000000E+000 	 0.0000000E+000 
 3.7547500E+000	 0.0000000E+000 	 0.0000000E+000 
 3.7552500E+000	 0.0000000E+000 	 0.0000000E+000 
 3.7557500E+000	 0.0000000E+000 	 0.0000000E+000 
 3.7562500E+000	 0.0000000E+000 	 0.0000000E+000 
 3.7567500E+000	 0.0000000E+000 	 0.0000000E+000 
 3.7572500E+000	 0.0000000E+000 	 0.0000000E+000 
 3.7577500E+000	 0.0000000E+000 	 0.0000000E+000 
 3.7582500E+000	 0.0000000E+000 	 0.0000000E+000 
 3.7587500E+000	 0.0000000E+000 	 0.0000000E+000 
 3.7592500E+000	 0.0000000E+000 	 0.0000000E+000 
 3.7597500E+000	 0.0000000E+000 	 0.0000000E+000 
 3.7602500E+000	 0.0000000E+000 	 0.0000000E+000 
 3.7607500E+000	 0.0000000E+000 	 0.0000000E+000 
 3.7612500E+000	 0.0000000E+000 	 0.0000000E+000 
 3.7617500E+000	 0.0000000E+000 	 0.0000000E+000 
 3.7622500E+000	 0.0000000E+000 	 0.0000000E+000 
 3.7627500E+000	 0.0000000E+000 	 0.0000000E+000 
 3.7632500E+000	 0.0000000E+000 	 0.0000000E+000 
 3.7637500E+000	 0.0000000E+000 	 0.0000000E+000 
 3.7642500E+000	 0.0000000E+000 	 0.0000000E+000 
 3.7647500E+000	 0.0000000E+000 	 0.0000000E+000 
 3.7652500E+000	 0.0000000E+000 	 0.0000000E+000 
 3.7657500E+000	 0.0000000E+000 	 0.0000000E+000 
 3.7662500E+000	 0.0000000E+000 	 0.0000000E+000 
 3.7667500E+000	 0.0000000E+000 	 0.0000000E+000 
 3.7672500E+000	 0.0000000E+000 	 0.0000000E+000 
 3.7677500E+000	 0.0000000E+000 	 0.0000000E+000 
 3.7682500E+000	 0.0000000E+000 	 0.0000000E+000 
 3.7687500E+000	 0.0000000E+000 	 0.0000000E+000 
 3.7692500E+000	 0.0000000E+000 	 0.0000000E+000 
 3.7697500E+000	 0.0000000E+000 	 0.0000000E+000 
 3.7702500E+000	 0.0000000E+000 	 0.0000000E+000 
 3.7707500E+000	 0.0000000E+000 	 0.0000000E+000 
 3.7712500E+000	 0.0000000E+000 	 0.0000000E+000 
 3.7717500E+000	 0.0000000E+000 	 0.0000000E+000 
 3.7722500E+000	 0.0000000E+000 	 0.0000000E+000 
 3.7727500E+000	 0.0000000E+000 	 0.0000000E+000 
 3.7732500E+000	 0.0000000E+000 	 0.0000000E+000 
 3.7737500E+000	 0.0000000E+000 	 0.0000000E+000 
 3.7742500E+000	 0.0000000E+000 	 0.0000000E+000 
 3.7747500E+000	 0.0000000E+000 	 0.0000000E+000 
 3.7752500E+000	 0.0000000E+000 	 0.0000000E+000 
 3.7757500E+000	 0.0000000E+000 	 0.0000000E+000 
 3.7762500E+000	 0.0000000E+000 	 0.0000000E+000 
 3.7767500E+000	 0.0000000E+000 	 0.0000000E+000 
 3.7772500E+000	 0.0000000E+000 	 0.0000000E+000 
 3.7777500E+000	 0.0000000E+000 	 0.0000000E+000 
 3.7782500E+000	 0.0000000E+000 	 0.0000000E+000 
 3.7787500E+000	 0.0000000E+000 	 0.0000000E+000 
 3.7792500E+000	 0.0000000E+000 	 0.0000000E+000 
 3.7797500E+000	 0.0000000E+000 	 0.0000000E+000 
 3.7802500E+000	 0.0000000E+000 	 0.0000000E+000 
 3.7807500E+000	 0.0000000E+000 	 0.0000000E+000 
 3.7812500E+000	 0.0000000E+000 	 0.0000000E+000 
 3.7817500E+000	 0.0000000E+000 	 0.0000000E+000 
 3.7822500E+000	 0.0000000E+000 	 0.0000000E+000 
 3.7827500E+000	 0.0000000E+000 	 0.0000000E+000 
 3.7832500E+000	 0.0000000E+000 	 0.0000000E+000 
 3.7837500E+000	 0.0000000E+000 	 0.0000000E+000 
 3.7842500E+000	 0.0000000E+000 	 0.0000000E+000 
 3.7847500E+000	 0.0000000E+000 	 0.0000000E+000 
 3.7852500E+000	 0.0000000E+000 	 0.0000000E+000 
 3.7857500E+000	 0.0000000E+000 	 0.0000000E+000 
 3.7862500E+000	 0.0000000E+000 	 0.0000000E+000 
 3.7867500E+000	 0.0000000E+000 	 0.0000000E+000 
 3.7872500E+000	 0.0000000E+000 	 0.0000000E+000 
 3.7877500E+000	 0.0000000E+000 	 0.0000000E+000 
 3.7882500E+000	 0.0000000E+000 	 0.0000000E+000 
 3.7887500E+000	 0.0000000E+000 	 0.0000000E+000 
 3.7892500E+000	 0.0000000E+000 	 0.0000000E+000 
 3.7897500E+000	 0.0000000E+000 	 0.0000000E+000 
 3.7902500E+000	 0.0000000E+000 	 0.0000000E+000 
 3.7907500E+000	 0.0000000E+000 	 0.0000000E+000 
 3.7912500E+000	 0.0000000E+000 	 0.0000000E+000 
 3.7917500E+000	 0.0000000E+000 	 0.0000000E+000 
 3.7922500E+000	 0.0000000E+000 	 0.0000000E+000 
 3.7927500E+000	 0.0000000E+000 	 0.0000000E+000 
 3.7932500E+000	 0.0000000E+000 	 0.0000000E+000 
 3.7937500E+000	 0.0000000E+000 	 0.0000000E+000 
 3.7942500E+000	 0.0000000E+000 	 0.0000000E+000 
 3.7947500E+000	 0.0000000E+000 	 0.0000000E+000 
 3.7952500E+000	 0.0000000E+000 	 0.0000000E+000 
 3.7957500E+000	 0.0000000E+000 	 0.0000000E+000 
 3.7962500E+000	 0.0000000E+000 	 0.0000000E+000 
 3.7967500E+000	 0.0000000E+000 	 0.0000000E+000 
 3.7972500E+000	 0.0000000E+000 	 0.0000000E+000 
 3.7977500E+000	 0.0000000E+000 	 0.0000000E+000 
 3.7982500E+000	 0.0000000E+000 	 0.0000000E+000 
 3.7987500E+000	 0.0000000E+000 	 0.0000000E+000 
 3.7992500E+000	 0.0000000E+000 	 0.0000000E+000 
 3.7997500E+000	 0.0000000E+000 	 0.0000000E+000 
