 3.2005000E+000	 0.0000000E+000 	 0.0000000E+000 
 3.2015000E+000	 0.0000000E+000 	 0.0000000E+000 
 3.2025000E+000	 0.0000000E+000 	 0.0000000E+000 
 3.2035000E+000	 0.0000000E+000 	 0.0000000E+000 
 3.2045000E+000	 0.0000000E+000 	 0.0000000E+000 
 3.2055000E+000	 0.0000000E+000 	 0.0000000E+000 
 3.2065000E+000	 0.0000000E+000 	 0.0000000E+000 
 3.2075000E+000	 0.0000000E+000 	 0.0000000E+000 
 3.2085000E+000	 0.0000000E+000 	 0.0000000E+000 
 3.2095000E+000	 0.0000000E+000 	 0.0000000E+000 
 3.2105000E+000	 0.0000000E+000 	 0.0000000E+000 
 3.2115000E+000	 0.0000000E+000 	 0.0000000E+000 
 3.2125000E+000	 0.0000000E+000 	 0.0000000E+000 
 3.2135000E+000	 0.0000000E+000 	 0.0000000E+000 
 3.2145000E+000	 0.0000000E+000 	 0.0000000E+000 
 3.2155000E+000	 0.0000000E+000 	 0.0000000E+000 
 3.2165000E+000	 0.0000000E+000 	 0.0000000E+000 
 3.2175000E+000	 0.0000000E+000 	 0.0000000E+000 
 3.2185000E+000	 0.0000000E+000 	 0.0000000E+000 
 3.2195000E+000	 0.0000000E+000 	 0.0000000E+000 
 3.2205000E+000	 0.0000000E+000 	 0.0000000E+000 
 3.2215000E+000	 0.0000000E+000 	 0.0000000E+000 
 3.2225000E+000	 0.0000000E+000 	 0.0000000E+000 
 3.2235000E+000	 0.0000000E+000 	 0.0000000E+000 
 3.2245000E+000	 1.1994829E-001 	 1.1994829E-001 
 3.2255000E+000	 8.5927019E+001 	 1.1001827E+001 
 3.2265000E+000	 1.0152798E+003 	 4.9838125E+001 
 3.2275000E+000	 2.4152932E+003 	 7.7153712E+001 
 3.2285000E+000	 4.1004506E+003 	 1.0325611E+002 
 3.2295000E+000	 5.8543390E+003 	 1.2391697E+002 
 3.2305000E+000	 8.2929978E+003 	 1.5276416E+002 
 3.2315000E+000	 9.6120811E+003 	 1.6040198E+002 
 3.2325000E+000	 1.1281104E+004 	 1.7564655E+002 
 3.2335000E+000	 1.3088720E+004 	 1.9059446E+002 
 3.2345000E+000	 1.3921365E+004 	 1.9518703E+002 
 3.2355000E+000	 1.6368149E+004 	 2.1843624E+002 
 3.2365000E+000	 1.6832801E+004 	 2.1297108E+002 
 3.2375000E+000	 1.7919859E+004 	 2.2081254E+002 
 3.2385000E+000	 1.8564929E+004 	 2.2265806E+002 
 3.2395000E+000	 1.8324765E+004 	 2.2218774E+002 
 3.2405000E+000	 1.7808267E+004 	 2.2057916E+002 
 3.2415000E+000	 1.6619941E+004 	 2.1363874E+002 
 3.2425000E+000	 1.5704395E+004 	 2.0676210E+002 
 3.2435000E+000	 1.5026609E+004 	 2.0356475E+002 
 3.2445000E+000	 1.2477128E+004 	 1.8043046E+002 
 3.2455000E+000	 1.0745992E+004 	 1.6561721E+002 
 3.2465000E+000	 9.3136458E+003 	 1.5568217E+002 
 3.2475000E+000	 8.9077732E+003 	 1.6116233E+002 
 3.2485000E+000	 6.4493282E+003 	 1.3343755E+002 
 3.2495000E+000	 3.8407809E+003 	 1.0051783E+002 
 3.2505000E+000	 2.4403715E+003 	 8.4100755E+001 
 3.2515000E+000	 9.0091295E+002 	 5.7440112E+001 
 3.2525000E+000	 1.7816286E+002 	 3.6367342E+001 
 3.2535000E+000	 0.0000000E+000 	 0.0000000E+000 
 3.2545000E+000	 0.0000000E+000 	 0.0000000E+000 
 3.2555000E+000	 0.0000000E+000 	 0.0000000E+000 
 3.2565000E+000	 0.0000000E+000 	 0.0000000E+000 
 3.2575000E+000	 0.0000000E+000 	 0.0000000E+000 
 3.2585000E+000	 0.0000000E+000 	 0.0000000E+000 
 3.2595000E+000	 0.0000000E+000 	 0.0000000E+000 
 3.2605000E+000	 0.0000000E+000 	 0.0000000E+000 
 3.2615000E+000	 0.0000000E+000 	 0.0000000E+000 
 3.2625000E+000	 0.0000000E+000 	 0.0000000E+000 
 3.2635000E+000	 0.0000000E+000 	 0.0000000E+000 
 3.2645000E+000	 0.0000000E+000 	 0.0000000E+000 
 3.2655000E+000	 0.0000000E+000 	 0.0000000E+000 
 3.2665000E+000	 0.0000000E+000 	 0.0000000E+000 
 3.2675000E+000	 0.0000000E+000 	 0.0000000E+000 
 3.2685000E+000	 0.0000000E+000 	 0.0000000E+000 
 3.2695000E+000	 0.0000000E+000 	 0.0000000E+000 
 3.2705000E+000	 0.0000000E+000 	 0.0000000E+000 
 3.2715000E+000	 0.0000000E+000 	 0.0000000E+000 
 3.2725000E+000	 0.0000000E+000 	 0.0000000E+000 
 3.2735000E+000	 0.0000000E+000 	 0.0000000E+000 
 3.2745000E+000	 0.0000000E+000 	 0.0000000E+000 
 3.2755000E+000	 0.0000000E+000 	 0.0000000E+000 
 3.2765000E+000	 0.0000000E+000 	 0.0000000E+000 
 3.2775000E+000	 0.0000000E+000 	 0.0000000E+000 
 3.2785000E+000	 0.0000000E+000 	 0.0000000E+000 
 3.2795000E+000	 0.0000000E+000 	 0.0000000E+000 
 3.2805000E+000	 0.0000000E+000 	 0.0000000E+000 
 3.2815000E+000	 0.0000000E+000 	 0.0000000E+000 
 3.2825000E+000	 0.0000000E+000 	 0.0000000E+000 
 3.2835000E+000	 0.0000000E+000 	 0.0000000E+000 
 3.2845000E+000	 0.0000000E+000 	 0.0000000E+000 
 3.2855000E+000	 0.0000000E+000 	 0.0000000E+000 
 3.2865000E+000	 0.0000000E+000 	 0.0000000E+000 
 3.2875000E+000	 0.0000000E+000 	 0.0000000E+000 
 3.2885000E+000	 0.0000000E+000 	 0.0000000E+000 
 3.2895000E+000	 0.0000000E+000 	 0.0000000E+000 
 3.2905000E+000	 0.0000000E+000 	 0.0000000E+000 
 3.2915000E+000	 0.0000000E+000 	 0.0000000E+000 
 3.2925000E+000	 0.0000000E+000 	 0.0000000E+000 
 3.2935000E+000	 0.0000000E+000 	 0.0000000E+000 
 3.2945000E+000	 0.0000000E+000 	 0.0000000E+000 
 3.2955000E+000	 0.0000000E+000 	 0.0000000E+000 
 3.2965000E+000	 0.0000000E+000 	 0.0000000E+000 
 3.2975000E+000	 0.0000000E+000 	 0.0000000E+000 
 3.2985000E+000	 0.0000000E+000 	 0.0000000E+000 
 3.2995000E+000	 0.0000000E+000 	 0.0000000E+000 
