4.550000   9.571841e-003   1.679529e-004
4.554000   1.447225e-002   2.533927e-004
4.558000   2.157146e-002   3.773450e-004
4.562000   3.752427e-002   6.543052e-004
4.566000   5.344800e-002   9.316816e-004
4.570000   9.557557e-002   1.682731e-003
4.574000   1.360483e-001   2.410295e-003
4.578000   1.958111e-001   3.638003e-003
4.582000   2.020797e-001   4.062775e-003
4.586000   1.715641e-001   4.007237e-003
4.590000   1.451510e-001   4.172797e-003
4.594000   8.814033e-002   3.338553e-003
4.598000   3.707304e-002   2.158476e-003
4.602000   1.354320e-002   1.842995e-003
4.606000   2.413004e-008   2.413004e-008
4.610000   0.000000e+000   0.000000e+000
4.614000   0.000000e+000   0.000000e+000
4.618000   0.000000e+000   0.000000e+000
4.622000   0.000000e+000   0.000000e+000
4.626000   0.000000e+000   0.000000e+000
4.630000   0.000000e+000   0.000000e+000
4.634000   0.000000e+000   0.000000e+000
4.638000   0.000000e+000   0.000000e+000
4.642000   0.000000e+000   0.000000e+000
4.646000   0.000000e+000   0.000000e+000
4.650000   0.000000e+000   0.000000e+000
4.654000   0.000000e+000   0.000000e+000
4.658000   0.000000e+000   0.000000e+000
4.662000   0.000000e+000   0.000000e+000
4.666000   0.000000e+000   0.000000e+000
4.670000   0.000000e+000   0.000000e+000
4.674000   0.000000e+000   0.000000e+000
4.678000   0.000000e+000   0.000000e+000
4.682000   0.000000e+000   0.000000e+000
4.686000   0.000000e+000   0.000000e+000
4.690000   0.000000e+000   0.000000e+000
4.694000   0.000000e+000   0.000000e+000
4.698000   0.000000e+000   0.000000e+000
4.702000   0.000000e+000   0.000000e+000
4.706000   0.000000e+000   0.000000e+000
4.710000   0.000000e+000   0.000000e+000
4.714000   0.000000e+000   0.000000e+000
4.718000   0.000000e+000   0.000000e+000
4.722000   0.000000e+000   0.000000e+000
4.726000   0.000000e+000   0.000000e+000
4.730000   0.000000e+000   0.000000e+000
4.734000   0.000000e+000   0.000000e+000
4.738000   0.000000e+000   0.000000e+000
4.742000   0.000000e+000   0.000000e+000
4.746000   0.000000e+000   0.000000e+000
4.750000   0.000000e+000   0.000000e+000
4.754000   0.000000e+000   0.000000e+000
4.758000   0.000000e+000   0.000000e+000
4.762000   0.000000e+000   0.000000e+000
4.766000   0.000000e+000   0.000000e+000
4.770000   0.000000e+000   0.000000e+000
4.774000   0.000000e+000   0.000000e+000
4.778000   0.000000e+000   0.000000e+000
4.782000   0.000000e+000   0.000000e+000
4.786000   0.000000e+000   0.000000e+000
4.790000   0.000000e+000   0.000000e+000
4.794000   0.000000e+000   0.000000e+000
4.798000   0.000000e+000   0.000000e+000
4.802000   0.000000e+000   0.000000e+000
4.806000   0.000000e+000   0.000000e+000
4.810000   0.000000e+000   0.000000e+000
4.814000   0.000000e+000   0.000000e+000
4.818000   0.000000e+000   0.000000e+000
4.822000   0.000000e+000   0.000000e+000
4.826000   0.000000e+000   0.000000e+000
4.830000   0.000000e+000   0.000000e+000
4.834000   0.000000e+000   0.000000e+000
4.838000   0.000000e+000   0.000000e+000
4.842000   0.000000e+000   0.000000e+000
4.846000   0.000000e+000   0.000000e+000
