 5.0000000E-002	 0.0000000E+000 	 0.0000000E+000 
 1.5000000E-001	 0.0000000E+000 	 0.0000000E+000 
 2.5000000E-001	 0.0000000E+000 	 0.0000000E+000 
 3.5000000E-001	 0.0000000E+000 	 0.0000000E+000 
 4.5000000E-001	 0.0000000E+000 	 0.0000000E+000 
 5.5000000E-001	 0.0000000E+000 	 0.0000000E+000 
 6.5000000E-001	 0.0000000E+000 	 0.0000000E+000 
 7.5000000E-001	 0.0000000E+000 	 0.0000000E+000 
 8.5000000E-001	 0.0000000E+000 	 0.0000000E+000 
 9.5000000E-001	 0.0000000E+000 	 0.0000000E+000 
 1.0500000E+000	 0.0000000E+000 	 0.0000000E+000 
 1.1500000E+000	 0.0000000E+000 	 0.0000000E+000 
 1.2500000E+000	 0.0000000E+000 	 0.0000000E+000 
 1.3500000E+000	 0.0000000E+000 	 0.0000000E+000 
 1.4500000E+000	 0.0000000E+000 	 0.0000000E+000 
 1.5500000E+000	 0.0000000E+000 	 0.0000000E+000 
 1.6500000E+000	 0.0000000E+000 	 0.0000000E+000 
 1.7500000E+000	 0.0000000E+000 	 0.0000000E+000 
 1.8500000E+000	 1.5180736E+005 	 4.5771642E+004 
 1.9500000E+000	 4.7645299E+005 	 1.2301963E+005 
 2.0500000E+000	 6.1797671E+006 	 9.5355876E+005 
 2.1500000E+000	 3.7146163E+007 	 4.0529786E+006 
 2.2500000E+000	 3.7689388E+007 	 3.9293903E+006 
 2.3500000E+000	 5.5310078E+007 	 5.3470271E+006 
 2.4500000E+000	 5.8230102E+007 	 5.2082586E+006 
 2.5500000E+000	 4.8905284E+007 	 4.2892771E+006 
 2.6500000E+000	 4.5914343E+007 	 3.9227270E+006 
 2.7500000E+000	 3.9967858E+007 	 3.3422802E+006 
 2.8500000E+000	 2.9896971E+007 	 2.6740664E+006 
 2.9500000E+000	 3.3111664E+007 	 2.8393017E+006 
 3.0500000E+000	 3.0272571E+007 	 2.6249648E+006 
 3.1500000E+000	 2.7569080E+007 	 2.0840266E+006 
 3.2500000E+000	 1.9537465E+007 	 1.6941131E+006 
 3.3500000E+000	 1.9378981E+007 	 1.5822872E+006 
 3.4500000E+000	 1.6029454E+007 	 1.3357878E+006 
 3.5500000E+000	 1.6291828E+007 	 1.2760745E+006 
 3.6500000E+000	 1.0827162E+007 	 9.2166926E+005 
 3.7500000E+000	 1.1346682E+007 	 9.1434169E+005 
 3.8500000E+000	 1.1704312E+007 	 9.1675246E+005 
 3.9500000E+000	 7.1880404E+006 	 5.9900337E+005 
 4.0500000E+000	 8.4657335E+006 	 6.7349759E+005 
 4.1500000E+000	 6.5267960E+006 	 5.2766018E+005 
 4.2500000E+000	 5.7382318E+006 	 4.7489945E+005 
 4.3500000E+000	 6.7568568E+006 	 5.5729616E+005 
 4.4500000E+000	 4.6502523E+006 	 4.2991597E+005 
 4.5500000E+000	 4.4606784E+006 	 3.8534393E+005 
 4.6500000E+000	 3.8656562E+006 	 3.4575480E+005 
 4.7500000E+000	 3.6389840E+006 	 3.3499563E+005 
 4.8500000E+000	 2.4943565E+006 	 2.4943565E+005 
 4.9500000E+000	 2.6608501E+006 	 2.6608501E+005 
 5.0500000E+000	 2.2175494E+006 	 2.2872275E+005 
 5.1500000E+000	 1.8899901E+006 	 2.2120661E+005 
 5.2500000E+000	 1.5717121E+006 	 1.9201520E+005 
 5.3500000E+000	 2.1064012E+006 	 2.1387264E+005 
 5.4500000E+000	 1.3985306E+006 	 1.6959675E+005 
 5.5500000E+000	 1.3552774E+006 	 1.6198663E+005 
 5.6500000E+000	 9.3364078E+005 	 1.2705242E+005 
 5.7500000E+000	 7.4299558E+005 	 1.1897451E+005 
 5.8500000E+000	 3.2619524E+005 	 7.1181637E+004 
 5.9500000E+000	 4.9599296E+004 	 2.4799648E+004 
 6.0500000E+000	 0.0000000E+000 	 0.0000000E+000 
 6.1500000E+000	 0.0000000E+000 	 0.0000000E+000 
 6.2500000E+000	 0.0000000E+000 	 0.0000000E+000 
 6.3500000E+000	 0.0000000E+000 	 0.0000000E+000 
 6.4500000E+000	 0.0000000E+000 	 0.0000000E+000 
 6.5500000E+000	 0.0000000E+000 	 0.0000000E+000 
 6.6500000E+000	 0.0000000E+000 	 0.0000000E+000 
 6.7500000E+000	 0.0000000E+000 	 0.0000000E+000 
 6.8500000E+000	 0.0000000E+000 	 0.0000000E+000 
 6.9500000E+000	 0.0000000E+000 	 0.0000000E+000 
 7.0500000E+000	 0.0000000E+000 	 0.0000000E+000 
 7.1500000E+000	 0.0000000E+000 	 0.0000000E+000 
 7.2500000E+000	 0.0000000E+000 	 0.0000000E+000 
 7.3500000E+000	 0.0000000E+000 	 0.0000000E+000 
 7.4500000E+000	 0.0000000E+000 	 0.0000000E+000 
 7.5500000E+000	 0.0000000E+000 	 0.0000000E+000 
 7.6500000E+000	 0.0000000E+000 	 0.0000000E+000 
 7.7500000E+000	 0.0000000E+000 	 0.0000000E+000 
 7.8500000E+000	 0.0000000E+000 	 0.0000000E+000 
 7.9500000E+000	 0.0000000E+000 	 0.0000000E+000 
 8.0500000E+000	 0.0000000E+000 	 0.0000000E+000 
 8.1500000E+000	 0.0000000E+000 	 0.0000000E+000 
 8.2500000E+000	 0.0000000E+000 	 0.0000000E+000 
 8.3500000E+000	 0.0000000E+000 	 0.0000000E+000 
 8.4500000E+000	 0.0000000E+000 	 0.0000000E+000 
 8.5500000E+000	 0.0000000E+000 	 0.0000000E+000 
 8.6500000E+000	 0.0000000E+000 	 0.0000000E+000 
 8.7500000E+000	 0.0000000E+000 	 0.0000000E+000 
 8.8500000E+000	 0.0000000E+000 	 0.0000000E+000 
 8.9500000E+000	 0.0000000E+000 	 0.0000000E+000 
 9.0500000E+000	 0.0000000E+000 	 0.0000000E+000 
 9.1500000E+000	 0.0000000E+000 	 0.0000000E+000 
 9.2500000E+000	 0.0000000E+000 	 0.0000000E+000 
 9.3500000E+000	 0.0000000E+000 	 0.0000000E+000 
 9.4500000E+000	 0.0000000E+000 	 0.0000000E+000 
 9.5500000E+000	 0.0000000E+000 	 0.0000000E+000 
 9.6500000E+000	 0.0000000E+000 	 0.0000000E+000 
 9.7500000E+000	 0.0000000E+000 	 0.0000000E+000 
 9.8500000E+000	 0.0000000E+000 	 0.0000000E+000 
 9.9500000E+000	 0.0000000E+000 	 0.0000000E+000 
