# reflectivity file for m=6.0 supermirror coating
# - calculated using tool 'GenerateMirrorFiles'
# - smooth drop at m=3.0  (W=0.003)
# - reflectivity falls linearly from 99% to 50.0% from m=1.0 to m=6.0
# - corr. to alpha=4.52 Ang
#
0.9900 0.9900 0.9900 0.9900 0.9900 0.9900 0.9900 0.9900 0.9900 0.9900
0.9900 0.9900 0.9900 0.9900 0.9900 0.9900 0.9900 0.9900 0.9900 0.9900
0.9900 0.9900 0.9900 0.9900 0.9900 0.9900 0.9900 0.9900 0.9900 0.9900
0.9900 0.9900 0.9900 0.9900 0.9900 0.9900 0.9900 0.9900 0.9900 0.9900
0.9900 0.9900 0.9900 0.9900 0.9900 0.9900 0.9900 0.9900 0.9900 0.9900
0.9900 0.9900 0.9900 0.9900 0.9900 0.9900 0.9900 0.9900 0.9900 0.9900
0.9900 0.9900 0.9900 0.9900 0.9900 0.9900 0.9900 0.9900 0.9900 0.9900
0.9900 0.9900 0.9900 0.9900 0.9900 0.9900 0.9900 0.9900 0.9900 0.9900
0.9900 0.9900 0.9900 0.9900 0.9900 0.9900 0.9900 0.9900 0.9900 0.9900
0.9900 0.9900 0.9900 0.9900 0.9900 0.9900 0.9900 0.9900 0.9900 0.9900
0.9892 0.9882 0.9872 0.9862 0.9852 0.9842 0.9833 0.9823 0.9813 0.9803
0.9793 0.9784 0.9774 0.9764 0.9754 0.9744 0.9734 0.9725 0.9715 0.9705
0.9695 0.9685 0.9676 0.9666 0.9656 0.9646 0.9636 0.9627 0.9617 0.9607
0.9597 0.9587 0.9577 0.9568 0.9558 0.9548 0.9538 0.9528 0.9519 0.9509
0.9499 0.9489 0.9479 0.9470 0.9460 0.9450 0.9440 0.9430 0.9420 0.9411
0.9401 0.9391 0.9381 0.9371 0.9362 0.9352 0.9342 0.9332 0.9322 0.9312
0.9303 0.9293 0.9283 0.9273 0.9263 0.9254 0.9244 0.9234 0.9224 0.9214
0.9205 0.9195 0.9185 0.9175 0.9165 0.9155 0.9146 0.9136 0.9126 0.9116
0.9106 0.9097 0.9087 0.9077 0.9067 0.9057 0.9047 0.9038 0.9028 0.9018
0.9008 0.8998 0.8989 0.8979 0.8969 0.8959 0.8949 0.8940 0.8930 0.8920
0.8910 0.8900 0.8890 0.8881 0.8871 0.8861 0.8851 0.8841 0.8832 0.8822
0.8812 0.8802 0.8792 0.8782 0.8773 0.8763 0.8753 0.8743 0.8733 0.8724
0.8714 0.8704 0.8694 0.8684 0.8675 0.8665 0.8655 0.8645 0.8635 0.8625
0.8616 0.8606 0.8596 0.8586 0.8576 0.8567 0.8557 0.8547 0.8537 0.8527
0.8517 0.8508 0.8498 0.8488 0.8478 0.8468 0.8459 0.8449 0.8439 0.8429
0.8419 0.8410 0.8400 0.8390 0.8380 0.8370 0.8360 0.8351 0.8341 0.8331
0.8321 0.8311 0.8302 0.8292 0.8282 0.8272 0.8262 0.8253 0.8243 0.8233
0.8223 0.8213 0.8203 0.8194 0.8184 0.8174 0.8164 0.8154 0.8145 0.8135
0.8125 0.8115 0.8105 0.8095 0.8086 0.8076 0.8066 0.8056 0.8046 0.8037
0.8027 0.8017 0.8007 0.7997 0.7988 0.7978 0.7968 0.7958 0.7948 0.7938
0.7929 0.7919 0.7909 0.7899 0.7889 0.7880 0.7870 0.7860 0.7850 0.7840
0.7830 0.7821 0.7811 0.7801 0.7791 0.7781 0.7772 0.7762 0.7752 0.7742
0.7732 0.7723 0.7713 0.7703 0.7693 0.7683 0.7673 0.7664 0.7654 0.7644
0.7634 0.7624 0.7615 0.7605 0.7595 0.7585 0.7575 0.7566 0.7556 0.7546
0.7536 0.7526 0.7516 0.7507 0.7497 0.7487 0.7477 0.7467 0.7458 0.7448
0.7438 0.7428 0.7418 0.7408 0.7399 0.7389 0.7379 0.7369 0.7359 0.7350
0.7340 0.7330 0.7320 0.7310 0.7301 0.7291 0.7281 0.7271 0.7261 0.7251
0.7242 0.7232 0.7222 0.7212 0.7202 0.7193 0.7183 0.7173 0.7163 0.7153
0.7143 0.7134 0.7124 0.7114 0.7104 0.7094 0.7085 0.7075 0.7065 0.7055
0.7045 0.7036 0.7026 0.7016 0.7006 0.6996 0.6986 0.6977 0.6967 0.6957
0.6947 0.6937 0.6928 0.6918 0.6908 0.6898 0.6888 0.6879 0.6869 0.6859
0.6849 0.6839 0.6829 0.6820 0.6810 0.6800 0.6790 0.6780 0.6771 0.6761
0.6751 0.6741 0.6731 0.6721 0.6712 0.6702 0.6692 0.6682 0.6672 0.6663
0.6653 0.6643 0.6633 0.6623 0.6614 0.6604 0.6594 0.6584 0.6574 0.6564
0.6555 0.6545 0.6535 0.6525 0.6515 0.6506 0.6496 0.6486 0.6476 0.6466
0.6456 0.6447 0.6437 0.6427 0.6417 0.6407 0.6398 0.6388 0.6378 0.6368
0.6358 0.6349 0.6339 0.6329 0.6319 0.6309 0.6299 0.6290 0.6280 0.6270
0.6260 0.6250 0.6241 0.6231 0.6221 0.6211 0.6201 0.6192 0.6182 0.6172
0.6162 0.6152 0.6142 0.6133 0.6123 0.6113 0.6103 0.6093 0.6084 0.6074
0.6064 0.6054 0.6044 0.6034 0.6025 0.6015 0.6005 0.5995 0.5985 0.5976
0.5966 0.5956 0.5946 0.5936 0.5927 0.5917 0.5907 0.5897 0.5887 0.5877
0.5868 0.5858 0.5848 0.5838 0.5828 0.5819 0.5809 0.5799 0.5789 0.5779
0.5769 0.5760 0.5750 0.5740 0.5730 0.5720 0.5710 0.5701 0.5691 0.5681
0.5671 0.5661 0.5651 0.5641 0.5631 0.5621 0.5611 0.5601 0.5591 0.5581
0.5571 0.5561 0.5551 0.5541 0.5531 0.5520 0.5510 0.5499 0.5489 0.5478
0.5467 0.5456 0.5445 0.5434 0.5422 0.5410 0.5398 0.5385 0.5372 0.5358
0.5344 0.5329 0.5314 0.5297 0.5279 0.5261 0.5241 0.5219 0.5196 0.5170
0.5142 0.5112 0.5079 0.5042 0.5002 0.4957 0.4907 0.4852 0.4791 0.4724
0.4649 0.4566 0.4475 0.4375 0.4266 0.4146 0.4017 0.3877 0.3728 0.3570
0.3403 0.3228 0.3047 0.2862 0.2674 0.2485 0.2297 0.2112 0.1932 0.1758
0.1592 0.1435 0.1288 0.1152 0.1025 0.0910 0.0805 0.0710 0.0624 0.0548
0.0479 0.0419 0.0366 0.0318 0.0277 0.0241 0.0209 0.0181 0.0157 0.0136
0.0118 0.0102 0.0088 0.0076 0.0066 0.0057 0.0049 0.0042 0.0037 0.0032
0.0027 0.0024 0.0020 0.0017 0.0015 0.0013 0.0011 0.0010 0.0008 0.0007
0.0006 0.0005 0.0005 0.0004 0.0003 0.0003 0.0003 0.0002 0.0002 0.0002
0.0001 0.0001 0.0001 0.0001 0.0001 0.0001 0.0001 0.0000 0.0000 0.0000
0.0000 0.0000 0.0000 0.0000 0.0000 0.0000 0.0000 0.0000 0.0000 0.0000
0.0000 0.0000 0.0000 0.0000 0.0000 0.0000 0.0000 0.0000 0.0000 0.0000
