 3.0020000E+000	 0.0000000E+000 	 0.0000000E+000 
 3.0060000E+000	 0.0000000E+000 	 0.0000000E+000 
 3.0100000E+000	 0.0000000E+000 	 0.0000000E+000 
 3.0140000E+000	 0.0000000E+000 	 0.0000000E+000 
 3.0180000E+000	 0.0000000E+000 	 0.0000000E+000 
 3.0220000E+000	 0.0000000E+000 	 0.0000000E+000 
 3.0260000E+000	 0.0000000E+000 	 0.0000000E+000 
 3.0300000E+000	 0.0000000E+000 	 0.0000000E+000 
 3.0340000E+000	 0.0000000E+000 	 0.0000000E+000 
 3.0380000E+000	 0.0000000E+000 	 0.0000000E+000 
 3.0420000E+000	 0.0000000E+000 	 0.0000000E+000 
 3.0460000E+000	 0.0000000E+000 	 0.0000000E+000 
 3.0500000E+000	 0.0000000E+000 	 0.0000000E+000 
 3.0540000E+000	 0.0000000E+000 	 0.0000000E+000 
 3.0580000E+000	 0.0000000E+000 	 0.0000000E+000 
 3.0620000E+000	 0.0000000E+000 	 0.0000000E+000 
 3.0660000E+000	 0.0000000E+000 	 0.0000000E+000 
 3.0700000E+000	 3.7141746E+003 	 5.8005661E+002 
 3.0740000E+000	 1.8953112E+005 	 1.0782049E+004 
 3.0780000E+000	 6.2840089E+005 	 2.5360196E+004 
 3.0820000E+000	 1.0460911E+006 	 3.4792471E+004 
 3.0860000E+000	 1.2916881E+006 	 3.8391443E+004 
 3.0900000E+000	 1.5706750E+006 	 4.0554653E+004 
 3.0940000E+000	 1.7216785E+006 	 4.0670832E+004 
 3.0980000E+000	 1.7823605E+006 	 3.9394594E+004 
 3.1020000E+000	 1.8836431E+006 	 3.9166142E+004 
 3.1060000E+000	 2.0140195E+006 	 3.8767002E+004 
 3.1100000E+000	 1.9715833E+006 	 3.6860074E+004 
 3.1140000E+000	 2.0214266E+006 	 3.5628496E+004 
 3.1180000E+000	 2.0386332E+006 	 3.4508524E+004 
 3.1220000E+000	 2.0937720E+006 	 3.4296491E+004 
 3.1260000E+000	 2.0442456E+006 	 3.2257910E+004 
 3.1300000E+000	 2.1016036E+006 	 3.2363017E+004 
 3.1340000E+000	 2.2004510E+006 	 3.2258575E+004 
 3.1380000E+000	 2.1501576E+006 	 3.0657158E+004 
 3.1420000E+000	 2.1851391E+006 	 3.0071987E+004 
 3.1460000E+000	 2.1135152E+006 	 2.8737361E+004 
 3.1500000E+000	 2.1154195E+006 	 2.7963056E+004 
 3.1540000E+000	 2.1111402E+006 	 2.7236551E+004 
 3.1580000E+000	 2.1337948E+006 	 2.6783567E+004 
 3.1620000E+000	 2.1964562E+006 	 2.6846006E+004 
 3.1660000E+000	 2.0970578E+006 	 2.5080764E+004 
 3.1700000E+000	 2.1804716E+006 	 2.5851962E+004 
 3.1740000E+000	 2.1655525E+006 	 2.5707622E+004 
 3.1780000E+000	 2.0990267E+006 	 2.4870614E+004 
 3.1820000E+000	 2.1166943E+006 	 2.5111699E+004 
 3.1860000E+000	 2.1429582E+006 	 2.5357345E+004 
 3.1900000E+000	 2.1769625E+006 	 2.5593617E+004 
 3.1940000E+000	 2.1138974E+006 	 2.4940247E+004 
 3.1980000E+000	 2.1506141E+006 	 2.5382273E+004 
 3.2020000E+000	 2.1535615E+006 	 2.5183118E+004 
 3.2060000E+000	 2.0517614E+006 	 2.4365376E+004 
 3.2100000E+000	 2.1584148E+006 	 2.5461929E+004 
 3.2140000E+000	 2.1381858E+006 	 2.5329262E+004 
 3.2180000E+000	 2.1107816E+006 	 2.4769383E+004 
 3.2220000E+000	 2.1202605E+006 	 2.5248354E+004 
 3.2260000E+000	 2.0506285E+006 	 2.4358793E+004 
 3.2300000E+000	 2.0666548E+006 	 2.4488769E+004 
 3.2340000E+000	 2.0709168E+006 	 2.4697563E+004 
 3.2380000E+000	 2.0056237E+006 	 2.3944439E+004 
 3.2420000E+000	 2.0698002E+006 	 2.4647466E+004 
 3.2460000E+000	 2.0492205E+006 	 2.4299247E+004 
 3.2500000E+000	 2.0505422E+006 	 2.4084057E+004 
 3.2540000E+000	 2.1231407E+006 	 2.4856294E+004 
 3.2580000E+000	 2.0707940E+006 	 2.4724247E+004 
 3.2620000E+000	 2.0462493E+006 	 2.4043589E+004 
 3.2660000E+000	 1.9892860E+006 	 2.3651827E+004 
 3.2700000E+000	 2.0706065E+006 	 2.4261218E+004 
 3.2740000E+000	 1.9600483E+006 	 2.3423711E+004 
 3.2780000E+000	 1.6088024E+006 	 1.9741765E+004 
 3.2820000E+000	 1.2066904E+006 	 1.5009934E+004 
 3.2860000E+000	 9.4056248E+005 	 1.2133513E+004 
 3.2900000E+000	 6.9973160E+005 	 9.1863423E+003 
 3.2940000E+000	 5.3608408E+005 	 7.2716528E+003 
 3.2980000E+000	 4.2450809E+005 	 5.9062084E+003 
 3.3020000E+000	 3.4619315E+005 	 4.9235601E+003 
 3.3060000E+000	 2.6723041E+005 	 3.9004466E+003 
 3.3100000E+000	 2.1309025E+005 	 3.2216218E+003 
 3.3140000E+000	 1.7501733E+005 	 2.7379902E+003 
 3.3180000E+000	 1.3878218E+005 	 2.2748120E+003 
 3.3220000E+000	 1.0957123E+005 	 1.8730809E+003 
 3.3260000E+000	 9.1200736E+004 	 1.6267700E+003 
 3.3300000E+000	 7.1566061E+004 	 1.3398502E+003 
 3.3340000E+000	 5.8210580E+004 	 1.1471318E+003 
 3.3380000E+000	 4.6189374E+004 	 9.7095656E+002 
 3.3420000E+000	 3.6086463E+004 	 8.1448703E+002 
 3.3460000E+000	 2.8498079E+004 	 6.9199453E+002 
 3.3500000E+000	 2.2026119E+004 	 5.7370580E+002 
 3.3540000E+000	 1.4725228E+004 	 4.5037385E+002 
 3.3580000E+000	 1.0848995E+004 	 3.7233655E+002 
 3.3620000E+000	 7.1825465E+003 	 2.9772613E+002 
 3.3660000E+000	 3.1828076E+003 	 1.9777004E+002 
 3.3700000E+000	 3.0678128E+002 	 6.1356255E+001 
 3.3740000E+000	 0.0000000E+000 	 0.0000000E+000 
 3.3780000E+000	 0.0000000E+000 	 0.0000000E+000 
 3.3820000E+000	 0.0000000E+000 	 0.0000000E+000 
 3.3860000E+000	 0.0000000E+000 	 0.0000000E+000 
 3.3900000E+000	 0.0000000E+000 	 0.0000000E+000 
 3.3940000E+000	 0.0000000E+000 	 0.0000000E+000 
 3.3980000E+000	 0.0000000E+000 	 0.0000000E+000 
