-9.703485   0.000000e+000   0.000000e+000
-9.310377   0.000000e+000   0.000000e+000
-8.917270   0.000000e+000   0.000000e+000
-8.524163   0.000000e+000   0.000000e+000
-8.131055   0.000000e+000   0.000000e+000
-7.737948   0.000000e+000   0.000000e+000
-7.344840   0.000000e+000   0.000000e+000
-6.951733   5.380403e-007   3.804519e-007
-6.558626   8.884525e-004   3.358035e-004
-6.165518   2.020077e-003   4.634374e-004
-5.772411   6.070536e-003   9.151678e-004
-5.379304   7.971994e-003   8.356920e-004
-4.986196   1.569400e-002   1.317011e-003
-4.593089   2.613859e-002   1.881497e-003
-4.199982   2.212269e-002   1.617771e-003
-3.806874   6.392098e-002   4.290095e-003
-3.413767   6.472918e-002   4.169573e-003
-3.020660   1.216202e-001   7.320678e-003
-2.627552   1.377189e-001   8.304764e-003
-2.234445   2.660384e-001   1.607197e-002
-1.841337   3.780504e-001   2.317976e-002
-1.448230   6.511530e-001   3.905356e-002
-1.055123   1.154770e+000   7.093694e-002
-0.662015   1.094134e+000   6.436080e-002
-0.268908   1.407391e+000   9.084672e-002
0.124199   1.327162e+000   9.337876e-002
0.517307   6.917460e-001   5.975775e-002
0.910414   4.262930e-001   4.396877e-002
1.303521   3.306419e-001   4.928918e-002
1.696629   9.330548e-002   2.693497e-002
2.089736   5.731220e-004   4.052585e-004
2.482844   0.000000e+000   0.000000e+000
2.875951   0.000000e+000   0.000000e+000
3.269058   0.000000e+000   0.000000e+000
3.662166   0.000000e+000   0.000000e+000
4.055273   0.000000e+000   0.000000e+000
4.448380   0.000000e+000   0.000000e+000
4.841488   0.000000e+000   0.000000e+000
5.234595   0.000000e+000   0.000000e+000
5.627702   0.000000e+000   0.000000e+000
6.020810   0.000000e+000   0.000000e+000
6.413917   0.000000e+000   0.000000e+000
6.807024   0.000000e+000   0.000000e+000
7.200132   0.000000e+000   0.000000e+000
7.593239   0.000000e+000   0.000000e+000
7.986347   0.000000e+000   0.000000e+000
8.379454   0.000000e+000   0.000000e+000
8.772561   0.000000e+000   0.000000e+000
9.165669   0.000000e+000   0.000000e+000
9.558776   0.000000e+000   0.000000e+000
9.951883   0.000000e+000   0.000000e+000
10.344991   0.000000e+000   0.000000e+000
10.738098   0.000000e+000   0.000000e+000
11.131205   0.000000e+000   0.000000e+000
11.524313   0.000000e+000   0.000000e+000
11.917420   0.000000e+000   0.000000e+000
12.310527   0.000000e+000   0.000000e+000
12.703635   0.000000e+000   0.000000e+000
13.096742   0.000000e+000   0.000000e+000
13.489850   0.000000e+000   0.000000e+000
13.882957   0.000000e+000   0.000000e+000
14.276064   0.000000e+000   0.000000e+000
14.669172   0.000000e+000   0.000000e+000
15.062279   0.000000e+000   0.000000e+000
15.455386   0.000000e+000   0.000000e+000
15.848494   0.000000e+000   0.000000e+000
16.241601   0.000000e+000   0.000000e+000
16.634708   0.000000e+000   0.000000e+000
17.027816   0.000000e+000   0.000000e+000
17.420923   0.000000e+000   0.000000e+000
17.814030   0.000000e+000   0.000000e+000
18.207138   0.000000e+000   0.000000e+000
18.600245   0.000000e+000   0.000000e+000
18.993353   0.000000e+000   0.000000e+000
19.386460   0.000000e+000   0.000000e+000
