 5.0000000E-004	 9.0370973E-053 	 1.2671872E-054 
 1.5000000E-003	 7.6935807E+004 	 1.0803929E+003 
 2.5000000E-003	 1.2492465E+006 	 1.7663481E+004 
 3.5000000E-003	 2.7282043E+006 	 3.8285166E+004 
 4.5000000E-003	 4.3961867E+006 	 6.2541559E+004 
 5.5000000E-003	 5.8570817E+006 	 8.2997806E+004 
 6.5000000E-003	 6.5028604E+006 	 9.2831721E+004 
 7.5000000E-003	 6.9902108E+006 	 1.0007483E+005 
 8.5000000E-003	 7.4862795E+006 	 1.0612699E+005 
 9.5000000E-003	 7.6566403E+006 	 1.0740411E+005 
 1.0500000E-002	 7.0507292E+006 	 1.0041777E+005 
 1.1500000E-002	 7.1277037E+006 	 9.9457406E+004 
 1.2500000E-002	 6.3555005E+006 	 9.0470331E+004 
 1.3500000E-002	 6.0110830E+006 	 8.5094688E+004 
 1.4500000E-002	 5.3244711E+006 	 7.4151514E+004 
 1.5500000E-002	 4.8081807E+006 	 6.7774655E+004 
 1.6500000E-002	 4.5004057E+006 	 6.3342032E+004 
 1.7500000E-002	 4.0680994E+006 	 5.7670188E+004 
 1.8500000E-002	 3.6927674E+006 	 5.2641138E+004 
 1.9500000E-002	 3.5177275E+006 	 4.9878031E+004 
 2.0500000E-002	 3.3190021E+006 	 4.6797595E+004 
 2.1500000E-002	 3.0541288E+006 	 4.3118664E+004 
 2.2500000E-002	 2.9100868E+006 	 4.0480390E+004 
 2.3500000E-002	 2.6113238E+006 	 3.6790157E+004 
 2.4500000E-002	 2.4127531E+006 	 3.3828443E+004 
 2.5500000E-002	 2.2195617E+006 	 3.1383067E+004 
 2.6500000E-002	 2.1557501E+006 	 3.0420060E+004 
 2.7500000E-002	 2.0210855E+006 	 2.8802200E+004 
 2.8500000E-002	 1.9347709E+006 	 2.7348121E+004 
 2.9500000E-002	 1.8451706E+006 	 2.5789562E+004 
 3.0500000E-002	 1.6227896E+006 	 2.3067657E+004 
 3.1500000E-002	 1.5368326E+006 	 2.1419400E+004 
 3.2500000E-002	 1.3557735E+006 	 1.9350431E+004 
 3.3500000E-002	 1.2509799E+006 	 1.7951923E+004 
 3.4500000E-002	 1.1703718E+006 	 1.6833348E+004 
 3.5500000E-002	 1.1516449E+006 	 1.6286718E+004 
 3.6500000E-002	 1.0962245E+006 	 1.5499856E+004 
 3.7500000E-002	 1.0689011E+006 	 1.4961743E+004 
 3.8500000E-002	 1.0127419E+006 	 1.4283819E+004 
 3.9500000E-002	 9.3571508E+005 	 1.3412599E+004 
 4.0500000E-002	 9.0569104E+005 	 1.2805845E+004 
 4.1500000E-002	 8.6526912E+005 	 1.2106699E+004 
 4.2500000E-002	 7.8866514E+005 	 1.1185896E+004 
 4.3500000E-002	 7.3939945E+005 	 1.0427531E+004 
 4.4500000E-002	 6.6726709E+005 	 9.4956384E+003 
 4.5500000E-002	 6.2441947E+005 	 8.7981318E+003 
 4.6500000E-002	 5.8367313E+005 	 8.1674554E+003 
 4.7500000E-002	 5.2388074E+005 	 7.4840106E+003 
 4.8500000E-002	 5.1610153E+005 	 7.1868169E+003 
 4.9500000E-002	 4.6622396E+005 	 6.6119419E+003 
 5.0500000E-002	 4.4549833E+005 	 6.2984086E+003 
 5.1500000E-002	 4.3185966E+005 	 6.1055865E+003 
 5.2500000E-002	 4.1431579E+005 	 5.8876390E+003 
 5.3500000E-002	 3.9505109E+005 	 5.6615243E+003 
 5.4500000E-002	 3.9136754E+005 	 5.5155022E+003 
 5.5500000E-002	 3.6986403E+005 	 5.2052238E+003 
 5.6500000E-002	 3.3318281E+005 	 4.7916418E+003 
 5.7500000E-002	 3.2340529E+005 	 4.5814366E+003 
 5.8500000E-002	 3.0399049E+005 	 4.3068340E+003 
 5.9500000E-002	 2.8870781E+005 	 4.0630845E+003 
 6.0500000E-002	 2.6688508E+005 	 3.7799993E+003 
 6.1500000E-002	 2.4679642E+005 	 3.5170604E+003 
 6.2500000E-002	 2.3884987E+005 	 3.3485090E+003 
 6.3500000E-002	 2.2412954E+005 	 3.1687199E+003 
 6.4500000E-002	 2.1762652E+005 	 3.0916476E+003 
 6.5500000E-002	 2.1531683E+005 	 3.0474787E+003 
 6.6500000E-002	 2.0905171E+005 	 2.9758439E+003 
 6.7500000E-002	 2.0370553E+005 	 2.9145434E+003 
 6.8500000E-002	 1.9951782E+005 	 2.8389790E+003 
 6.9500000E-002	 1.8999243E+005 	 2.6879741E+003 
 7.0500000E-002	 1.7571672E+005 	 2.5107513E+003 
 7.1500000E-002	 1.6784774E+005 	 2.3873725E+003 
 7.2500000E-002	 1.6159453E+005 	 2.2775611E+003 
 7.3500000E-002	 1.5196007E+005 	 2.1481808E+003 
 7.4500000E-002	 1.4416805E+005 	 2.0423190E+003 
 7.5500000E-002	 1.3995577E+005 	 1.9647875E+003 
 7.6500000E-002	 1.3261585E+005 	 1.8680141E+003 
 7.7500000E-002	 1.2225717E+005 	 1.7520820E+003 
 7.8500000E-002	 1.2093724E+005 	 1.7011493E+003 
 7.9500000E-002	 1.1625907E+005 	 1.6309935E+003 
 8.0500000E-002	 1.0943035E+005 	 1.5522426E+003 
 8.1500000E-002	 1.0508895E+005 	 1.4927648E+003 
 8.2500000E-002	 1.0229170E+005 	 1.4447462E+003 
 8.3500000E-002	 9.9157355E+004 	 1.3968596E+003 
 8.4500000E-002	 9.3347055E+004 	 1.3300054E+003 
 8.5500000E-002	 9.0734402E+004 	 1.2876931E+003 
 8.6500000E-002	 8.8912056E+004 	 1.2531529E+003 
 8.7500000E-002	 8.5914096E+004 	 1.2148873E+003 
 8.8500000E-002	 8.2216368E+004 	 1.1723682E+003 
 8.9500000E-002	 8.0243384E+004 	 1.1393795E+003 
 9.0500000E-002	 7.9349267E+004 	 1.1180390E+003 
 9.1500000E-002	 7.4964604E+004 	 1.0688527E+003 
 9.2500000E-002	 7.4037299E+004 	 1.0472550E+003 
 9.3500000E-002	 7.1903089E+004 	 1.0285523E+003 
 9.4500000E-002	 7.4846033E+004 	 1.0489801E+003 
 9.5500000E-002	 7.4266604E+004 	 1.0452830E+003 
 9.6500000E-002	 7.5182750E+004 	 1.0510188E+003 
 9.7500000E-002	 7.4870282E+004 	 1.0487021E+003 
 9.8500000E-002	 7.4446031E+004 	 1.0457389E+003 
 9.9500000E-002	 7.4568453E+004 	 1.0457061E+003 
