4.550000   0.000000e+000   0.000000e+000
4.554000   0.000000e+000   0.000000e+000
4.558000   0.000000e+000   0.000000e+000
4.562000   0.000000e+000   0.000000e+000
4.566000   9.769717e-007   6.908233e-007
4.570000   1.678775e-003   4.656083e-004
4.574000   1.268760e-002   1.850676e-003
4.578000   1.788978e-002   1.534036e-003
4.582000   4.902083e-002   3.218375e-003
4.586000   6.624705e-002   3.857053e-003
4.590000   1.435205e-001   8.086464e-003
4.594000   2.419198e-001   1.259384e-002
4.598000   2.990168e-001   1.537977e-002
4.602000   6.650957e-001   3.550018e-002
4.606000   1.184611e+000   6.200537e-002
4.610000   2.047340e+000   1.079043e-001
4.614000   2.434609e+000   1.342243e-001
4.618000   2.504270e+000   1.480806e-001
4.622000   1.085710e+000   8.452243e-002
4.626000   7.276151e-001   6.875317e-002
4.630000   3.341325e-001   5.420345e-002
4.634000   8.960268e-002   3.386663e-002
4.638000   0.000000e+000   0.000000e+000
4.642000   0.000000e+000   0.000000e+000
4.646000   0.000000e+000   0.000000e+000
4.650000   0.000000e+000   0.000000e+000
4.654000   0.000000e+000   0.000000e+000
4.658000   0.000000e+000   0.000000e+000
4.662000   0.000000e+000   0.000000e+000
4.666000   0.000000e+000   0.000000e+000
4.670000   0.000000e+000   0.000000e+000
4.674000   0.000000e+000   0.000000e+000
4.678000   0.000000e+000   0.000000e+000
4.682000   0.000000e+000   0.000000e+000
4.686000   0.000000e+000   0.000000e+000
4.690000   0.000000e+000   0.000000e+000
4.694000   0.000000e+000   0.000000e+000
4.698000   0.000000e+000   0.000000e+000
4.702000   0.000000e+000   0.000000e+000
4.706000   0.000000e+000   0.000000e+000
4.710000   0.000000e+000   0.000000e+000
4.714000   0.000000e+000   0.000000e+000
4.718000   0.000000e+000   0.000000e+000
4.722000   0.000000e+000   0.000000e+000
4.726000   0.000000e+000   0.000000e+000
4.730000   0.000000e+000   0.000000e+000
4.734000   0.000000e+000   0.000000e+000
4.738000   0.000000e+000   0.000000e+000
4.742000   0.000000e+000   0.000000e+000
4.746000   0.000000e+000   0.000000e+000
4.750000   0.000000e+000   0.000000e+000
4.754000   0.000000e+000   0.000000e+000
4.758000   0.000000e+000   0.000000e+000
4.762000   0.000000e+000   0.000000e+000
4.766000   0.000000e+000   0.000000e+000
4.770000   0.000000e+000   0.000000e+000
4.774000   0.000000e+000   0.000000e+000
4.778000   0.000000e+000   0.000000e+000
4.782000   0.000000e+000   0.000000e+000
4.786000   0.000000e+000   0.000000e+000
4.790000   0.000000e+000   0.000000e+000
4.794000   0.000000e+000   0.000000e+000
4.798000   0.000000e+000   0.000000e+000
4.802000   0.000000e+000   0.000000e+000
4.806000   0.000000e+000   0.000000e+000
4.810000   0.000000e+000   0.000000e+000
4.814000   0.000000e+000   0.000000e+000
4.818000   0.000000e+000   0.000000e+000
4.822000   0.000000e+000   0.000000e+000
4.826000   0.000000e+000   0.000000e+000
4.830000   0.000000e+000   0.000000e+000
4.834000   0.000000e+000   0.000000e+000
4.838000   0.000000e+000   0.000000e+000
4.842000   0.000000e+000   0.000000e+000
4.846000   0.000000e+000   0.000000e+000
